Rio de Janeiro;Total;16055174;7577675;8477499;6739901;3084318;3655583;2594253;1242620;1351633;21837;9957;11880;6682740;3233362;3449378;15904;7172;8732
Rio de Janeiro;0 a 4 anos;875769;443094;432675;384127;193912;190215;106512;54128;52384;840;411;429;383767;194360;189407;502;274;228
Rio de Janeiro;Menos de 1 ano;154521;77850;76671;72416;36396;36020;17043;8660;8383;138;77;61;64845;32679;32166;78;37;41
Rio de Janeiro;Menos de 1 mês;11312;5760;5552;5451;2706;2745;1145;571;574;7;5;2;4703;2475;2228;6;3;3
Rio de Janeiro;1 mês;11845;6008;5837;5458;2715;2743;1272;657;615;15;9;6;5097;2624;2473;3;3;-
Rio de Janeiro;2 meses;12988;6429;6559;6011;3016;2995;1355;661;694;16;5;11;5603;2745;2858;3;2;1
Rio de Janeiro;3 meses;13019;6576;6443;6233;3087;3146;1441;751;690;14;6;8;5325;2730;2595;6;2;4
Rio de Janeiro;4 meses;13541;6737;6804;6490;3246;3244;1499;743;756;10;8;2;5536;2736;2800;6;4;2
Rio de Janeiro;5 meses;12437;6327;6110;5879;3017;2862;1361;673;688;8;4;4;5182;2629;2553;7;4;3
Rio de Janeiro;6 meses;13282;6699;6583;6218;3185;3033;1457;724;733;12;6;6;5583;2780;2803;12;4;8
Rio de Janeiro;7 meses;13687;6885;6802;6320;3207;3113;1558;777;781;13;9;4;5787;2886;2901;9;6;3
Rio de Janeiro;8 meses;13406;6697;6709;6273;3174;3099;1493;764;729;9;5;4;5626;2752;2874;5;2;3
Rio de Janeiro;9 meses;13213;6690;6523;6046;3019;3027;1528;780;748;6;3;3;5624;2885;2739;8;2;6
Rio de Janeiro;10 meses;12772;6510;6262;6054;3057;2997;1382;746;636;16;13;3;5313;2692;2621;7;2;5
Rio de Janeiro;11 meses;13019;6532;6487;5983;2967;3016;1552;813;739;12;4;8;5466;2745;2721;6;3;3
Rio de Janeiro;1 ano;157190;79579;77611;70775;35694;35081;18466;9461;9005;158;84;74;67676;34278;33398;109;60;49
Rio de Janeiro;2 anos;178979;90554;88425;78422;39619;38803;21974;11064;10910;173;85;88;78329;39735;38594;78;49;29
Rio de Janeiro;3 anos;189103;95481;93622;80441;40622;39819;23868;12064;11804;211;92;119;84456;42640;41816;123;60;63
Rio de Janeiro;4 anos;195976;99630;96346;82073;41581;40492;25161;12879;12282;160;73;87;88461;45028;43433;114;68;46
Rio de Janeiro;5 a 9 anos;1015741;517446;498295;399192;202443;196749;139347;70981;68366;1023;557;466;475532;243123;232409;626;331;295
Rio de Janeiro;5 anos;192637;97606;95031;77749;39187;38562;25716;12983;12733;172;91;81;88883;45289;43594;115;54;61
Rio de Janeiro;6 anos;205453;104906;100547;82001;41674;40327;27801;14239;13562;204;106;98;95338;48820;46518;105;64;41
Rio de Janeiro;7 anos;209792;106388;103404;82337;41309;41028;28567;14577;13990;206;120;86;98543;50304;48239;135;76;59
Rio de Janeiro;8 anos;203791;104162;99629;78900;40440;38460;28554;14484;14070;227;121;106;95982;49057;46925;126;59;67
Rio de Janeiro;9 anos;204068;104384;99684;78205;39833;38372;28709;14698;14011;214;119;95;96786;49653;47133;145;78;67
Rio de Janeiro;10 a 14 anos;964636;494467;470169;365163;185197;179966;140553;73058;67495;1066;531;535;457146;235292;221854;683;376;307
Rio de Janeiro;10 anos;193037;99424;93613;74058;37952;36106;27384;14207;13177;207;110;97;91278;47099;44179;106;54;52
Rio de Janeiro;11 anos;192151;98280;93871;73385;37277;36108;27416;14228;13188;187;102;85;91013;46592;44421;144;79;65
Rio de Janeiro;12 anos;198780;101792;96988;75129;38226;36903;28675;14910;13765;222;115;107;94604;48460;46144;149;80;69
Rio de Janeiro;13 anos;193625;98798;94827;72113;36088;36025;28848;14996;13852;208;97;111;92305;47534;44771;143;77;66
Rio de Janeiro;14 anos;187043;96173;90870;70478;35654;34824;28230;14717;13513;242;107;135;87946;45607;42339;141;86;55
Rio de Janeiro;15 a 19 anos;1011978;513939;498039;379998;188214;191784;170076;87245;82831;1098;510;588;460011;237563;222448;774;397;377
Rio de Janeiro;15 anos;197215;100117;97098;74231;36734;37497;30856;15854;15002;175;84;91;91824;47374;44450;128;70;58
Rio de Janeiro;16 anos;199537;101781;97756;75196;37508;37688;32369;16768;15601;208;100;108;91616;47327;44289;143;75;68
Rio de Janeiro;17 anos;203718;103646;100072;76258;37985;38273;34284;17590;16694;210;98;112;92809;47891;44918;153;79;74
Rio de Janeiro;18 anos;209346;106355;102991;78468;38637;39831;36626;18838;17788;247;116;131;93820;48670;45150;179;94;85
Rio de Janeiro;19 anos;202162;102040;100122;75845;37350;38495;35941;18195;17746;258;112;146;89942;46301;43641;171;79;92
Rio de Janeiro;20 a 24 anos;1149011;570077;578934;436394;211529;224865;211266;106839;104427;1388;592;796;498997;250627;248370;935;472;463
Rio de Janeiro;20 anos;211563;105684;105879;79607;38527;41080;38189;19439;18750;239;105;134;93357;47523;45834;165;87;78
Rio de Janeiro;21 anos;219847;109353;110494;83833;40886;42947;40107;20228;19879;243;96;147;95492;48055;47437;164;84;80
Rio de Janeiro;22 anos;250707;124788;125919;95058;46010;49048;46248;23426;22822;308;130;178;108880;55124;53756;206;94;112
Rio de Janeiro;23 anos;236386;116587;119799;89433;43209;46224;43613;22002;21611;285;120;165;102827;51139;51688;223;113;110
Rio de Janeiro;24 anos;230508;113665;116843;88463;42897;45566;43109;21744;21365;313;141;172;98441;48786;49655;177;94;83
Rio de Janeiro;25 a 29 anos;1160926;560559;600367;444534;210464;234070;217968;108098;109870;1479;607;872;495740;240797;254943;1164;572;592
Rio de Janeiro;25 anos;243976;118747;125229;93684;44410;49274;45164;22540;22624;310;122;188;104565;51556;53009;245;115;130
Rio de Janeiro;26 anos;232290;112235;120055;89302;42348;46954;43268;21410;21858;296;124;172;99172;48226;50946;239;123;116
Rio de Janeiro;27 anos;234632;113262;121370;89282;42267;47015;44443;22005;22438;280;123;157;100407;48751;51656;213;113;100
Rio de Janeiro;28 anos;232263;112130;120133;88490;41819;46671;43947;21908;22039;309;125;184;99296;48173;51123;214;99;115
Rio de Janeiro;29 anos;217765;104185;113580;83776;39620;44156;41146;20235;20911;284;113;171;92300;44091;48209;253;122;131
Rio de Janeiro;30 a 34 anos;1162332;554702;607630;456298;212628;243670;211222;104347;106875;1765;782;983;491792;236356;255436;1209;568;641
Rio de Janeiro;30 anos;246969;118859;128110;95897;45135;50762;44831;22486;22345;351;144;207;105638;50975;54663;241;115;126
Rio de Janeiro;31 anos;212212;101654;110558;83912;39451;44461;38835;19135;19700;343;148;195;88868;42802;46066;244;114;130
Rio de Janeiro;32 anos;241848;114967;126881;94488;43880;50608;43440;21503;21937;367;174;193;103290;49287;54003;254;119;135
Rio de Janeiro;33 anos;233888;111257;122631;91833;42516;49317;42610;20916;21694;359;164;195;98861;47554;51307;220;104;116
Rio de Janeiro;34 anos;227415;107965;119450;90168;41646;48522;41506;20307;21199;345;152;193;95135;45738;49397;250;116;134
Rio de Janeiro;35 a 39 anos;1214564;573236;641328;483760;221348;262412;215327;104728;110599;2021;953;1068;512052;245561;266491;1342;612;730
Rio de Janeiro;35 anos;248964;118303;130661;98579;45583;52996;43761;21556;22205;395;174;221;105963;50870;55093;251;113;138
Rio de Janeiro;36 anos;241608;113710;127898;95943;43851;52092;43099;20918;22181;408;192;216;101874;48631;53243;278;116;162
Rio de Janeiro;37 anos;231877;109042;122835;92587;42242;50345;41438;20013;21425;359;172;187;97217;46494;50723;263;115;148
Rio de Janeiro;38 anos;244164;115335;128829;96893;44087;52806;43277;21060;22217;418;212;206;103282;49826;53456;275;137;138
Rio de Janeiro;39 anos;247951;116846;131105;99758;45585;54173;43752;21181;22571;441;203;238;103716;49740;53976;275;131;144
Rio de Janeiro;40 a 44 anos;1293041;612313;680728;523474;238691;284783;224940;109678;115262;2030;874;1156;541135;262370;278765;1419;681;738
Rio de Janeiro;40 anos;296918;141503;155415;119655;55052;64603;51330;25404;25926;453;198;255;125157;60701;64456;315;145;170
Rio de Janeiro;41 anos;249065;118298;130767;101646;46940;54706;43475;21068;22407;370;160;210;103280;49965;53315;287;162;125
Rio de Janeiro;42 anos;277839;132026;145813;111905;51050;60855;48501;23819;24682;395;171;224;116766;56861;59905;265;121;144
Rio de Janeiro;43 anos;244111;114757;129354;98764;44509;54255;42444;20492;21952;427;189;238;102180;49432;52748;284;133;151
Rio de Janeiro;44 anos;225108;105729;119379;91504;41140;50364;39190;18895;20295;385;156;229;93752;45411;48341;268;120;148
Rio de Janeiro;45 a 49 anos;1108422;519365;589057;452815;203718;249097;189206;90765;98441;1619;708;911;463538;223603;239935;1205;558;647
Rio de Janeiro;45 anos;248331;118070;130261;100083;45712;54371;42460;20697;21763;363;151;212;105154;51385;53769;264;123;141
Rio de Janeiro;46 anos;220781;103284;117497;90127;40497;49630;38150;18213;19937;338;157;181;91923;44296;47627;232;117;115
Rio de Janeiro;47 anos;214171;100264;113907;88265;39775;48490;36326;17493;18833;330;152;178;89014;42745;46269;230;98;132
Rio de Janeiro;48 anos;213831;99907;113924;87504;38853;48651;36316;17483;18833;305;135;170;89453;43312;46141;241;120;121
Rio de Janeiro;49 anos;211308;97840;113468;86836;38881;47955;35954;16879;19075;283;113;170;87994;41865;46129;238;100;138
Rio de Janeiro;50 a 54 anos;1062750;494486;568264;445381;199335;246046;177356;84269;93087;1440;645;795;437371;209731;227640;1167;489;678
Rio de Janeiro;50 anos;241870;114255;127615;99324;45045;54279;40988;19975;21013;330;152;178;100969;48964;52005;250;115;135
Rio de Janeiro;51 anos;205422;95358;110064;87086;38926;48160;34050;16143;17907;303;123;180;83767;40079;43688;210;83;127
Rio de Janeiro;52 anos;217912;101485;116427;90680;40608;50072;36817;17544;19273;269;110;159;89909;43122;46787;228;99;129
Rio de Janeiro;53 anos;202368;93514;108854;85196;37989;47207;33687;15713;17974;277;121;156;82955;39589;43366;245;97;148
Rio de Janeiro;54 anos;195178;89874;105304;83095;36767;46328;31814;14894;16920;261;139;122;79771;37977;41794;234;95;139
Rio de Janeiro;55 a 59 anos;1010375;461606;548769;447345;198876;248469;159189;72801;86388;1271;606;665;401425;188832;212593;1109;471;638
Rio de Janeiro;55 anos;204294;94123;110171;88144;39262;48882;32658;15225;17433;247;120;127;83035;39431;43604;200;79;121
Rio de Janeiro;56 anos;203817;93701;110116;89144;39871;49273;32616;15040;17576;296;137;159;81522;38548;42974;232;100;132
Rio de Janeiro;57 anos;201506;91963;109543;89472;39726;49746;31812;14510;17302;250;116;134;79716;37497;42219;248;109;139
Rio de Janeiro;58 anos;207114;94327;112787;92704;41237;51467;32121;14610;17511;250;130;120;81814;38263;43551;220;86;134
Rio de Janeiro;59 anos;193644;87492;106152;87881;38780;49101;29982;13416;16566;228;103;125;75338;35093;40245;209;97;112
Rio de Janeiro;60 a 64 anos;922438;412587;509851;420757;183897;236860;141684;62531;79153;1093;498;595;357808;165210;192598;1067;439;628
Rio de Janeiro;60 anos;208790;94828;113962;93261;41278;51983;32535;14668;17867;264;126;138;82473;38655;43818;249;98;151
Rio de Janeiro;61 anos;178551;79924;98627;82069;36005;46064;27144;12112;15032;202;80;122;68952;31647;37305;181;78;103
Rio de Janeiro;62 anos;190648;85254;105394;86832;37958;48874;29406;12930;16476;192;96;96;73996;34172;39824;213;93;120
Rio de Janeiro;63 anos;177052;78695;98357;80862;35170;45692;27251;11839;15412;217;85;132;68496;31501;36995;221;100;121
Rio de Janeiro;64 anos;167397;73886;93511;77733;33486;44247;25348;10982;14366;218;111;107;63891;29235;34656;203;70;133
Rio de Janeiro;65 a 69 anos;755817;327730;428087;359530;152602;206928;113779;48112;65667;1018;461;557;280499;126182;154317;972;368;604
Rio de Janeiro;65 anos;179139;78707;100432;82802;35745;47057;27467;11765;15702;211;85;126;68424;31016;37408;233;95;138
Rio de Janeiro;66 anos;153751;66734;87017;72811;30990;41821;22988;9823;13165;207;108;99;57554;25753;31801;190;60;130
Rio de Janeiro;67 anos;147587;63836;83751;70218;29713;40505;22480;9513;12967;201;88;113;54477;24438;30039;204;81;123
Rio de Janeiro;68 anos;144828;62578;82250;69620;29430;40190;21703;9136;12567;201;80;121;53112;23865;29247;188;66;122
Rio de Janeiro;69 anos;130512;55875;74637;64079;26724;37355;19141;7875;11266;198;100;98;46932;21110;25822;157;66;91
Rio de Janeiro;70 a 74 anos;559632;235212;324420;286177;118371;167806;79132;31927;47205;1045;467;578;192563;84201;108362;690;238;452
Rio de Janeiro;70 anos;137087;58646;78441;67542;28491;39051;20201;8245;11956;239;101;138;48932;21741;27191;167;65;102
Rio de Janeiro;71 anos;113265;48113;65152;57489;24048;33441;16175;6658;9517;205;86;119;39236;17269;21967;156;51;105
Rio de Janeiro;72 anos;117190;49236;67954;59522;24548;34974;16654;6775;9879;223;103;120;40659;17765;22894;128;44;84
Rio de Janeiro;73 anos;100072;41350;58722;52603;21371;31232;13611;5430;8181;195;84;111;33529;14423;19106;130;40;90
Rio de Janeiro;74 anos;92018;37867;54151;49021;19913;29108;12491;4819;7672;183;93;90;30207;13003;17204;109;38;71
Rio de Janeiro;75 a 79 anos;353656;140230;213426;194124;76013;118111;45853;17171;28682;701;334;367;112492;46555;65937;466;149;317
Rio de Janeiro;75 anos;87532;35319;52213;47086;18750;28336;11376;4281;7095;181;82;99;28778;12167;16611;107;36;71
Rio de Janeiro;76 anos;76735;30813;45922;41625;16575;25050;10098;3921;6177;150;66;84;24750;10215;14535;107;35;72
Rio de Janeiro;77 anos;67470;26819;40651;37469;14710;22759;8716;3301;5415;124;67;57;21070;8713;12357;89;27;62
Rio de Janeiro;78 anos;64446;25259;39187;35720;13872;21848;8467;3111;5356;135;66;69;20030;8181;11849;89;27;62
Rio de Janeiro;79 anos;57473;22020;35453;32224;12106;20118;7196;2557;4639;111;53;58;17864;7279;10585;74;24;50
Rio de Janeiro;80 a 84 anos;229376;84593;144783;133076;48741;84335;27781;9522;18259;525;246;279;67680;25977;41703;301;103;198
Rio de Janeiro;80 anos;57617;21858;35759;32709;12276;20433;7258;2623;4635;128;60;68;17451;6881;10570;70;17;53
Rio de Janeiro;81 anos;46489;17616;28873;27131;10208;16923;5552;1890;3662;107;50;57;13632;5444;8188;66;24;42
Rio de Janeiro;82 anos;47176;17272;29904;27119;9865;17254;5848;2010;3838;106;52;54;14035;5317;8718;64;28;36
Rio de Janeiro;83 anos;40785;14734;26051;24040;8647;15393;4733;1571;3162;99;46;53;11855;4449;7406;54;19;35
Rio de Janeiro;84 anos;37309;13113;24196;22077;7745;14332;4390;1428;2962;85;38;47;10707;3886;6821;47;15;32
Rio de Janeiro;85 a 89 anos;128213;41692;86521;78608;25554;53054;14595;4286;10309;283;122;161;34560;11685;22875;158;43;115
Rio de Janeiro;85 anos;32449;11124;21325;19571;6669;12902;3790;1207;2583;84;40;44;8961;3194;5767;42;14;28
Rio de Janeiro;86 anos;30572;10147;20425;18451;6150;12301;3537;1056;2481;69;21;48;8474;2909;5565;38;9;29
Rio de Janeiro;87 anos;25608;8212;17396;15665;5008;10657;2876;830;2046;48;24;24;6981;2341;4640;37;9;28
Rio de Janeiro;88 anos;21144;6714;14430;13308;4257;9051;2300;649;1651;51;28;23;5456;1771;3685;28;9;19
Rio de Janeiro;89 anos;18440;5495;12945;11613;3470;8143;2092;544;1548;31;9;22;4688;1470;3218;13;2;11
Rio de Janeiro;90 a 94 anos;57985;16196;41789;37156;10194;26962;6281;1666;4615;112;46;66;14344;4265;10079;91;25;66
Rio de Janeiro;90 anos;16629;4903;11726;10323;3019;7304;1925;515;1410;41;14;27;4318;1352;2966;22;3;19
Rio de Janeiro;91 anos;13254;3819;9435;8634;2414;6220;1339;391;948;25;14;11;3233;992;2241;23;8;15
Rio de Janeiro;92 anos;12074;3259;8815;7658;2026;5632;1328;340;988;23;9;14;3046;880;2166;19;4;15
Rio de Janeiro;93 anos;8950;2368;6582;5860;1541;4319;963;244;719;11;4;7;2103;574;1529;12;5;7
Rio de Janeiro;94 anos;7078;1847;5231;4681;1194;3487;726;176;550;12;5;7;1644;467;1177;15;5;10
Rio de Janeiro;95 a 99 anos;15800;3658;12142;10327;2300;8027;1784;404;1380;19;7;12;3650;941;2709;19;5;14
Rio de Janeiro;95 anos;5252;1268;3984;3508;820;2688;539;121;418;3;1;2;1197;325;872;5;1;4
Rio de Janeiro;96 anos;4052;973;3079;2685;623;2062;451;114;337;4;1;3;906;233;673;5;1;4
Rio de Janeiro;97 anos;2845;670;2175;1821;413;1408;340;81;259;4;3;1;676;171;505;4;2;2
Rio de Janeiro;98 anos;2200;448;1752;1410;276;1134;267;46;221;5;1;4;517;125;392;1;-;1
Rio de Janeiro;99 anos;1451;299;1152;903;168;735;187;42;145;3;1;2;354;87;267;4;1;3
Rio de Janeiro;100 anos ou mais;2712;487;2225;1665;291;1374;402;64;338;1;-;1;638;131;507;5;1;4
Santa Maria Madalena (RJ);Total;10232;5130;5102;4549;2279;2270;1912;954;958;1;-;1;3762;1897;1865;8;-;8
Santa Maria Madalena (RJ);0 a 4 anos;537;283;254;212;110;102;87;42;45;-;-;-;238;131;107;-;-;-
Santa Maria Madalena (RJ);Menos de 1 ano;99;39;60;34;14;20;21;4;17;-;-;-;44;21;23;-;-;-
Santa Maria Madalena (RJ);Menos de 1 mês;2;1;1;1;-;1;-;-;-;-;-;-;1;1;-;-;-;-
Santa Maria Madalena (RJ);1 mês;7;1;6;3;-;3;-;-;-;-;-;-;4;1;3;-;-;-
Santa Maria Madalena (RJ);2 meses;10;5;5;5;2;3;2;1;1;-;-;-;3;2;1;-;-;-
Santa Maria Madalena (RJ);3 meses;11;4;7;4;2;2;3;1;2;-;-;-;4;1;3;-;-;-
Santa Maria Madalena (RJ);4 meses;10;3;7;3;1;2;3;-;3;-;-;-;4;2;2;-;-;-
Santa Maria Madalena (RJ);5 meses;10;5;5;4;2;2;3;1;2;-;-;-;3;2;1;-;-;-
Santa Maria Madalena (RJ);6 meses;3;1;2;-;-;-;-;-;-;-;-;-;3;1;2;-;-;-
Santa Maria Madalena (RJ);7 meses;7;1;6;-;-;-;1;-;1;-;-;-;6;1;5;-;-;-
Santa Maria Madalena (RJ);8 meses;14;8;6;5;4;1;4;-;4;-;-;-;5;4;1;-;-;-
Santa Maria Madalena (RJ);9 meses;8;4;4;2;-;2;-;-;-;-;-;-;6;4;2;-;-;-
Santa Maria Madalena (RJ);10 meses;10;4;6;4;3;1;3;-;3;-;-;-;3;1;2;-;-;-
Santa Maria Madalena (RJ);11 meses;7;2;5;3;-;3;2;1;1;-;-;-;2;1;1;-;-;-
Santa Maria Madalena (RJ);1 ano;109;63;46;43;18;25;16;10;6;-;-;-;50;35;15;-;-;-
Santa Maria Madalena (RJ);2 anos;99;49;50;49;23;26;10;7;3;-;-;-;40;19;21;-;-;-
Santa Maria Madalena (RJ);3 anos;120;65;55;44;27;17;20;10;10;-;-;-;56;28;28;-;-;-
Santa Maria Madalena (RJ);4 anos;110;67;43;42;28;14;20;11;9;-;-;-;48;28;20;-;-;-
Santa Maria Madalena (RJ);5 a 9 anos;613;316;297;257;133;124;110;51;59;-;-;-;246;132;114;-;-;-
Santa Maria Madalena (RJ);5 anos;129;67;62;64;35;29;21;8;13;-;-;-;44;24;20;-;-;-
Santa Maria Madalena (RJ);6 anos;122;63;59;48;24;24;29;12;17;-;-;-;45;27;18;-;-;-
Santa Maria Madalena (RJ);7 anos;134;66;68;48;21;27;20;13;7;-;-;-;66;32;34;-;-;-
Santa Maria Madalena (RJ);8 anos;129;74;55;47;28;19;24;13;11;-;-;-;58;33;25;-;-;-
Santa Maria Madalena (RJ);9 anos;99;46;53;50;25;25;16;5;11;-;-;-;33;16;17;-;-;-
Santa Maria Madalena (RJ);10 a 14 anos;616;325;291;250;131;119;112;57;55;-;-;-;254;137;117;-;-;-
Santa Maria Madalena (RJ);10 anos;125;69;56;55;27;28;21;12;9;-;-;-;49;30;19;-;-;-
Santa Maria Madalena (RJ);11 anos;101;54;47;43;24;19;19;11;8;-;-;-;39;19;20;-;-;-
Santa Maria Madalena (RJ);12 anos;119;57;62;52;25;27;16;9;7;-;-;-;51;23;28;-;-;-
Santa Maria Madalena (RJ);13 anos;138;71;67;53;33;20;30;13;17;-;-;-;55;25;30;-;-;-
Santa Maria Madalena (RJ);14 anos;133;74;59;47;22;25;26;12;14;-;-;-;60;40;20;-;-;-
Santa Maria Madalena (RJ);15 a 19 anos;659;335;324;244;131;113;117;66;51;-;-;-;298;138;160;-;-;-
Santa Maria Madalena (RJ);15 anos;131;73;58;57;36;21;13;6;7;-;-;-;61;31;30;-;-;-
Santa Maria Madalena (RJ);16 anos;133;66;67;49;24;25;27;11;16;-;-;-;57;31;26;-;-;-
Santa Maria Madalena (RJ);17 anos;136;69;67;46;29;17;28;17;11;-;-;-;62;23;39;-;-;-
Santa Maria Madalena (RJ);18 anos;127;65;62;46;22;24;27;15;12;-;-;-;54;28;26;-;-;-
Santa Maria Madalena (RJ);19 anos;132;62;70;46;20;26;22;17;5;-;-;-;64;25;39;-;-;-
Santa Maria Madalena (RJ);20 a 24 anos;620;319;301;228;115;113;147;73;74;-;-;-;245;131;114;-;-;-
Santa Maria Madalena (RJ);20 anos;135;72;63;48;25;23;28;14;14;-;-;-;59;33;26;-;-;-
Santa Maria Madalena (RJ);21 anos;128;56;72;45;19;26;34;14;20;-;-;-;49;23;26;-;-;-
Santa Maria Madalena (RJ);22 anos;132;63;69;43;19;24;36;21;15;-;-;-;53;23;30;-;-;-
Santa Maria Madalena (RJ);23 anos;123;64;59;47;25;22;28;13;15;-;-;-;48;26;22;-;-;-
Santa Maria Madalena (RJ);24 anos;102;64;38;45;27;18;21;11;10;-;-;-;36;26;10;-;-;-
Santa Maria Madalena (RJ);25 a 29 anos;614;306;308;238;114;124;144;75;69;-;-;-;231;117;114;1;-;1
Santa Maria Madalena (RJ);25 anos;131;69;62;33;18;15;39;18;21;-;-;-;59;33;26;-;-;-
Santa Maria Madalena (RJ);26 anos;124;60;64;46;19;27;36;20;16;-;-;-;42;21;21;-;-;-
Santa Maria Madalena (RJ);27 anos;115;55;60;50;27;23;17;7;10;-;-;-;48;21;27;-;-;-
Santa Maria Madalena (RJ);28 anos;121;58;63;52;25;27;25;14;11;-;-;-;43;19;24;1;-;1
Santa Maria Madalena (RJ);29 anos;123;64;59;57;25;32;27;16;11;-;-;-;39;23;16;-;-;-
Santa Maria Madalena (RJ);30 a 34 anos;607;291;316;236;119;117;141;64;77;-;-;-;230;108;122;-;-;-
Santa Maria Madalena (RJ);30 anos;138;68;70;52;23;29;36;21;15;-;-;-;50;24;26;-;-;-
Santa Maria Madalena (RJ);31 anos;107;49;58;33;12;21;23;13;10;-;-;-;51;24;27;-;-;-
Santa Maria Madalena (RJ);32 anos;126;61;65;46;24;22;31;11;20;-;-;-;49;26;23;-;-;-
Santa Maria Madalena (RJ);33 anos;118;57;61;57;32;25;26;9;17;-;-;-;35;16;19;-;-;-
Santa Maria Madalena (RJ);34 anos;118;56;62;48;28;20;25;10;15;-;-;-;45;18;27;-;-;-
Santa Maria Madalena (RJ);35 a 39 anos;694;345;349;288;144;144;142;76;66;-;-;-;264;125;139;-;-;-
Santa Maria Madalena (RJ);35 anos;148;74;74;56;32;24;45;22;23;-;-;-;47;20;27;-;-;-
Santa Maria Madalena (RJ);36 anos;137;59;78;59;24;35;20;8;12;-;-;-;58;27;31;-;-;-
Santa Maria Madalena (RJ);37 anos;117;57;60;53;23;30;25;15;10;-;-;-;39;19;20;-;-;-
Santa Maria Madalena (RJ);38 anos;142;76;66;46;27;19;34;17;17;-;-;-;62;32;30;-;-;-
Santa Maria Madalena (RJ);39 anos;150;79;71;74;38;36;18;14;4;-;-;-;58;27;31;-;-;-
Santa Maria Madalena (RJ);40 a 44 anos;730;357;373;330;165;165;140;61;79;-;-;-;259;131;128;1;-;1
Santa Maria Madalena (RJ);40 anos;154;71;83;71;32;39;25;10;15;-;-;-;57;29;28;1;-;1
Santa Maria Madalena (RJ);41 anos;145;74;71;69;38;31;28;13;15;-;-;-;48;23;25;-;-;-
Santa Maria Madalena (RJ);42 anos;152;74;78;74;38;36;29;10;19;-;-;-;49;26;23;-;-;-
Santa Maria Madalena (RJ);43 anos;142;66;76;61;28;33;29;12;17;-;-;-;52;26;26;-;-;-
Santa Maria Madalena (RJ);44 anos;137;72;65;55;29;26;29;16;13;-;-;-;53;27;26;-;-;-
Santa Maria Madalena (RJ);45 a 49 anos;743;368;375;335;178;157;150;69;81;-;-;-;257;121;136;1;-;1
Santa Maria Madalena (RJ);45 anos;163;80;83;70;37;33;31;13;18;-;-;-;61;30;31;1;-;1
Santa Maria Madalena (RJ);46 anos;151;78;73;78;40;38;28;17;11;-;-;-;45;21;24;-;-;-
Santa Maria Madalena (RJ);47 anos;151;84;67;72;47;25;31;13;18;-;-;-;48;24;24;-;-;-
Santa Maria Madalena (RJ);48 anos;143;65;78;61;34;27;27;10;17;-;-;-;55;21;34;-;-;-
Santa Maria Madalena (RJ);49 anos;135;61;74;54;20;34;33;16;17;-;-;-;48;25;23;-;-;-
Santa Maria Madalena (RJ);50 a 54 anos;730;369;361;338;169;169;135;73;62;-;-;-;256;127;129;1;-;1
Santa Maria Madalena (RJ);50 anos;157;74;83;66;31;35;32;15;17;-;-;-;59;28;31;-;-;-
Santa Maria Madalena (RJ);51 anos;139;59;80;70;29;41;21;7;14;-;-;-;47;23;24;1;-;1
Santa Maria Madalena (RJ);52 anos;150;76;74;64;33;31;35;21;14;-;-;-;51;22;29;-;-;-
Santa Maria Madalena (RJ);53 anos;130;79;51;63;40;23;23;16;7;-;-;-;44;23;21;-;-;-
Santa Maria Madalena (RJ);54 anos;154;81;73;75;36;39;24;14;10;-;-;-;55;31;24;-;-;-
Santa Maria Madalena (RJ);55 a 59 anos;705;344;361;321;144;177;119;63;56;-;-;-;264;137;127;1;-;1
Santa Maria Madalena (RJ);55 anos;137;61;76;63;28;35;28;11;17;-;-;-;46;22;24;-;-;-
Santa Maria Madalena (RJ);56 anos;146;71;75;64;21;43;23;15;8;-;-;-;59;35;24;-;-;-
Santa Maria Madalena (RJ);57 anos;144;66;78;60;27;33;23;11;12;-;-;-;60;28;32;1;-;1
Santa Maria Madalena (RJ);58 anos;131;73;58;61;33;28;23;16;7;-;-;-;47;24;23;-;-;-
Santa Maria Madalena (RJ);59 anos;147;73;74;73;35;38;22;10;12;-;-;-;52;28;24;-;-;-
Santa Maria Madalena (RJ);60 a 64 anos;650;316;334;317;155;162;106;45;61;-;-;-;226;116;110;1;-;1
Santa Maria Madalena (RJ);60 anos;146;73;73;67;33;34;29;13;16;-;-;-;50;27;23;-;-;-
Santa Maria Madalena (RJ);61 anos;117;56;61;52;26;26;17;5;12;-;-;-;48;25;23;-;-;-
Santa Maria Madalena (RJ);62 anos;130;69;61;71;38;33;27;14;13;-;-;-;32;17;15;-;-;-
Santa Maria Madalena (RJ);63 anos;128;62;66;66;30;36;17;8;9;-;-;-;45;24;21;-;-;-
Santa Maria Madalena (RJ);64 anos;129;56;73;61;28;33;16;5;11;-;-;-;51;23;28;1;-;1
Santa Maria Madalena (RJ);65 a 69 anos;608;308;300;302;149;153;98;52;46;-;-;-;207;107;100;1;-;1
Santa Maria Madalena (RJ);65 anos;151;76;75;77;38;39;20;10;10;-;-;-;53;28;25;1;-;1
Santa Maria Madalena (RJ);66 anos;111;60;51;53;25;28;19;10;9;-;-;-;39;25;14;-;-;-
Santa Maria Madalena (RJ);67 anos;128;63;65;63;30;33;24;11;13;-;-;-;41;22;19;-;-;-
Santa Maria Madalena (RJ);68 anos;115;56;59;59;29;30;17;11;6;-;-;-;39;16;23;-;-;-
Santa Maria Madalena (RJ);69 anos;103;53;50;50;27;23;18;10;8;-;-;-;35;16;19;-;-;-
Santa Maria Madalena (RJ);70 a 74 anos;438;242;196;244;137;107;68;36;32;-;-;-;126;69;57;-;-;-
Santa Maria Madalena (RJ);70 anos;121;74;47;60;34;26;24;16;8;-;-;-;37;24;13;-;-;-
Santa Maria Madalena (RJ);71 anos;82;46;36;45;26;19;9;4;5;-;-;-;28;16;12;-;-;-
Santa Maria Madalena (RJ);72 anos;91;41;50;53;25;28;14;7;7;-;-;-;24;9;15;-;-;-
Santa Maria Madalena (RJ);73 anos;71;40;31;42;25;17;10;3;7;-;-;-;19;12;7;-;-;-
Santa Maria Madalena (RJ);74 anos;73;41;32;44;27;17;11;6;5;-;-;-;18;8;10;-;-;-
Santa Maria Madalena (RJ);75 a 79 anos;286;129;157;164;74;90;42;22;20;-;-;-;80;33;47;-;-;-
Santa Maria Madalena (RJ);75 anos;66;28;38;43;19;24;9;4;5;-;-;-;14;5;9;-;-;-
Santa Maria Madalena (RJ);76 anos;62;29;33;33;14;19;10;6;4;-;-;-;19;9;10;-;-;-
Santa Maria Madalena (RJ);77 anos;50;27;23;33;18;15;6;4;2;-;-;-;11;5;6;-;-;-
Santa Maria Madalena (RJ);78 anos;60;28;32;29;15;14;13;4;9;-;-;-;18;9;9;-;-;-
Santa Maria Madalena (RJ);79 anos;48;17;31;26;8;18;4;4;-;-;-;-;18;5;13;-;-;-
Santa Maria Madalena (RJ);80 a 84 anos;213;104;109;126;62;64;32;18;14;1;-;1;54;24;30;-;-;-
Santa Maria Madalena (RJ);80 anos;46;23;23;24;14;10;6;2;4;-;-;-;16;7;9;-;-;-
Santa Maria Madalena (RJ);81 anos;46;19;27;28;11;17;7;3;4;-;-;-;11;5;6;-;-;-
Santa Maria Madalena (RJ);82 anos;45;21;24;28;13;15;8;5;3;-;-;-;9;3;6;-;-;-
Santa Maria Madalena (RJ);83 anos;42;23;19;23;12;11;7;5;2;-;-;-;12;6;6;-;-;-
Santa Maria Madalena (RJ);84 anos;34;18;16;23;12;11;4;3;1;1;-;1;6;3;3;-;-;-
Santa Maria Madalena (RJ);85 a 89 anos;107;49;58;76;37;39;15;6;9;-;-;-;16;6;10;-;-;-
Santa Maria Madalena (RJ);85 anos;31;17;14;22;13;9;5;3;2;-;-;-;4;1;3;-;-;-
Santa Maria Madalena (RJ);86 anos;20;10;10;17;8;9;-;-;-;-;-;-;3;2;1;-;-;-
Santa Maria Madalena (RJ);87 anos;21;7;14;13;5;8;4;1;3;-;-;-;4;1;3;-;-;-
Santa Maria Madalena (RJ);88 anos;20;10;10;14;7;7;3;1;2;-;-;-;3;2;1;-;-;-
Santa Maria Madalena (RJ);89 anos;15;5;10;10;4;6;3;1;2;-;-;-;2;-;2;-;-;-
Santa Maria Madalena (RJ);90 a 94 anos;41;17;24;27;8;19;4;3;1;-;-;-;9;6;3;1;-;1
Santa Maria Madalena (RJ);90 anos;9;4;5;4;1;3;2;1;1;-;-;-;3;2;1;-;-;-
Santa Maria Madalena (RJ);91 anos;11;5;6;8;4;4;-;-;-;-;-;-;2;1;1;1;-;1
Santa Maria Madalena (RJ);92 anos;6;4;2;2;1;1;2;2;-;-;-;-;2;1;1;-;-;-
Santa Maria Madalena (RJ);93 anos;11;3;8;9;1;8;-;-;-;-;-;-;2;2;-;-;-;-
Santa Maria Madalena (RJ);94 anos;4;1;3;4;1;3;-;-;-;-;-;-;-;-;-;-;-;-
Santa Maria Madalena (RJ);95 a 99 anos;18;6;12;13;3;10;3;2;1;-;-;-;2;1;1;-;-;-
Santa Maria Madalena (RJ);95 anos;5;1;4;5;1;4;-;-;-;-;-;-;-;-;-;-;-;-
Santa Maria Madalena (RJ);96 anos;5;2;3;2;-;2;2;1;1;-;-;-;1;1;-;-;-;-
Santa Maria Madalena (RJ);97 anos;3;2;1;3;2;1;-;-;-;-;-;-;-;-;-;-;-;-
Santa Maria Madalena (RJ);98 anos;3;1;2;1;-;1;1;1;-;-;-;-;1;-;1;-;-;-
Santa Maria Madalena (RJ);99 anos;2;-;2;2;-;2;-;-;-;-;-;-;-;-;-;-;-;-
Santa Maria Madalena (RJ);100 anos ou mais;3;1;2;3;1;2;-;-;-;-;-;-;-;-;-;-;-;-
Santo Antônio de Pádua (RJ);Total;41325;20037;21288;21015;9988;11027;6590;3271;3319;9;3;6;13691;6766;6925;18;8;10
Santo Antônio de Pádua (RJ);0 a 4 anos;2462;1219;1243;1222;596;626;293;141;152;-;-;-;947;482;465;-;-;-
Santo Antônio de Pádua (RJ);Menos de 1 ano;452;216;236;220;103;117;62;30;32;-;-;-;170;83;87;-;-;-
Santo Antônio de Pádua (RJ);Menos de 1 mês;28;15;13;13;6;7;2;1;1;-;-;-;13;8;5;-;-;-
Santo Antônio de Pádua (RJ);1 mês;40;18;22;15;8;7;5;1;4;-;-;-;20;9;11;-;-;-
Santo Antônio de Pádua (RJ);2 meses;32;14;18;14;6;8;5;2;3;-;-;-;13;6;7;-;-;-
Santo Antônio de Pádua (RJ);3 meses;66;37;29;34;17;17;8;5;3;-;-;-;24;15;9;-;-;-
Santo Antônio de Pádua (RJ);4 meses;36;21;15;18;12;6;5;2;3;-;-;-;13;7;6;-;-;-
Santo Antônio de Pádua (RJ);5 meses;40;18;22;19;10;9;5;1;4;-;-;-;16;7;9;-;-;-
Santo Antônio de Pádua (RJ);6 meses;33;16;17;20;12;8;1;-;1;-;-;-;12;4;8;-;-;-
Santo Antônio de Pádua (RJ);7 meses;30;9;21;14;5;9;3;1;2;-;-;-;13;3;10;-;-;-
Santo Antônio de Pádua (RJ);8 meses;38;13;25;19;4;15;3;3;-;-;-;-;16;6;10;-;-;-
Santo Antônio de Pádua (RJ);9 meses;37;16;21;17;7;10;10;4;6;-;-;-;10;5;5;-;-;-
Santo Antônio de Pádua (RJ);10 meses;38;21;17;21;12;9;5;2;3;-;-;-;12;7;5;-;-;-
Santo Antônio de Pádua (RJ);11 meses;34;18;16;16;4;12;10;8;2;-;-;-;8;6;2;-;-;-
Santo Antônio de Pádua (RJ);1 ano;450;218;232;231;109;122;43;20;23;-;-;-;176;89;87;-;-;-
Santo Antônio de Pádua (RJ);2 anos;490;250;240;243;127;116;54;27;27;-;-;-;193;96;97;-;-;-
Santo Antônio de Pádua (RJ);3 anos;525;252;273;269;127;142;70;29;41;-;-;-;186;96;90;-;-;-
Santo Antônio de Pádua (RJ);4 anos;545;283;262;259;130;129;64;35;29;-;-;-;222;118;104;-;-;-
Santo Antônio de Pádua (RJ);5 a 9 anos;2394;1229;1165;1146;599;547;343;198;145;-;-;-;905;432;473;-;-;-
Santo Antônio de Pádua (RJ);5 anos;474;248;226;224;118;106;68;40;28;-;-;-;182;90;92;-;-;-
Santo Antônio de Pádua (RJ);6 anos;478;240;238;244;128;116;59;32;27;-;-;-;175;80;95;-;-;-
Santo Antônio de Pádua (RJ);7 anos;472;244;228;206;106;100;76;49;27;-;-;-;190;89;101;-;-;-
Santo Antônio de Pádua (RJ);8 anos;482;238;244;243;122;121;69;37;32;-;-;-;170;79;91;-;-;-
Santo Antônio de Pádua (RJ);9 anos;488;259;229;229;125;104;71;40;31;-;-;-;188;94;94;-;-;-
Santo Antônio de Pádua (RJ);10 a 14 anos;2337;1205;1132;1084;555;529;299;154;145;-;-;-;953;495;458;1;1;-
Santo Antônio de Pádua (RJ);10 anos;451;232;219;202;106;96;73;36;37;-;-;-;176;90;86;-;-;-
Santo Antônio de Pádua (RJ);11 anos;473;236;237;202;99;103;51;26;25;-;-;-;219;110;109;1;1;-
Santo Antônio de Pádua (RJ);12 anos;466;241;225;235;122;113;55;30;25;-;-;-;176;89;87;-;-;-
Santo Antônio de Pádua (RJ);13 anos;479;248;231;233;123;110;60;31;29;-;-;-;186;94;92;-;-;-
Santo Antônio de Pádua (RJ);14 anos;468;248;220;212;105;107;60;31;29;-;-;-;196;112;84;-;-;-
Santo Antônio de Pádua (RJ);15 a 19 anos;2502;1261;1241;1072;510;562;389;204;185;1;1;-;1039;545;494;1;1;-
Santo Antônio de Pádua (RJ);15 anos;476;228;248;218;107;111;58;29;29;-;-;-;200;92;108;-;-;-
Santo Antônio de Pádua (RJ);16 anos;486;242;244;199;95;104;80;39;41;-;-;-;206;107;99;1;1;-
Santo Antônio de Pádua (RJ);17 anos;536;272;264;227;107;120;83;42;41;-;-;-;226;123;103;-;-;-
Santo Antônio de Pádua (RJ);18 anos;550;293;257;236;114;122;94;56;38;-;-;-;220;123;97;-;-;-
Santo Antônio de Pádua (RJ);19 anos;454;226;228;192;87;105;74;38;36;1;1;-;187;100;87;-;-;-
Santo Antônio de Pádua (RJ);20 a 24 anos;2818;1341;1477;1227;564;663;558;274;284;1;-;1;1030;502;528;2;1;1
Santo Antônio de Pádua (RJ);20 anos;570;257;313;254;112;142;119;51;68;-;-;-;197;94;103;-;-;-
Santo Antônio de Pádua (RJ);21 anos;539;264;275;239;105;134;85;44;41;1;-;1;214;115;99;-;-;-
Santo Antônio de Pádua (RJ);22 anos;579;285;294;259;126;133;122;54;68;-;-;-;197;104;93;1;1;-
Santo Antônio de Pádua (RJ);23 anos;582;270;312;249;118;131;112;56;56;-;-;-;221;96;125;-;-;-
Santo Antônio de Pádua (RJ);24 anos;548;265;283;226;103;123;120;69;51;-;-;-;201;93;108;1;-;1
Santo Antônio de Pádua (RJ);25 a 29 anos;2708;1349;1359;1303;650;653;467;231;236;-;-;-;938;468;470;-;-;-
Santo Antônio de Pádua (RJ);25 anos;532;264;268;239;115;124;104;53;51;-;-;-;189;96;93;-;-;-
Santo Antônio de Pádua (RJ);26 anos;542;278;264;275;141;134;90;48;42;-;-;-;177;89;88;-;-;-
Santo Antônio de Pádua (RJ);27 anos;540;263;277;259;128;131;92;43;49;-;-;-;189;92;97;-;-;-
Santo Antônio de Pádua (RJ);28 anos;567;294;273;273;142;131;91;43;48;-;-;-;203;109;94;-;-;-
Santo Antônio de Pádua (RJ);29 anos;527;250;277;257;124;133;90;44;46;-;-;-;180;82;98;-;-;-
Santo Antônio de Pádua (RJ);30 a 34 anos;2810;1369;1441;1408;710;698;491;228;263;-;-;-;911;431;480;-;-;-
Santo Antônio de Pádua (RJ);30 anos;589;289;300;294;147;147;100;45;55;-;-;-;195;97;98;-;-;-
Santo Antônio de Pádua (RJ);31 anos;524;262;262;254;129;125;107;54;53;-;-;-;163;79;84;-;-;-
Santo Antônio de Pádua (RJ);32 anos;554;284;270;290;154;136;105;54;51;-;-;-;159;76;83;-;-;-
Santo Antônio de Pádua (RJ);33 anos;583;256;327;280;121;159;94;36;58;-;-;-;209;99;110;-;-;-
Santo Antônio de Pádua (RJ);34 anos;560;278;282;290;159;131;85;39;46;-;-;-;185;80;105;-;-;-
Santo Antônio de Pádua (RJ);35 a 39 anos;3024;1462;1562;1431;690;741;544;256;288;3;1;2;1046;515;531;-;-;-
Santo Antônio de Pádua (RJ);35 anos;584;292;292;271;136;135;107;51;56;1;1;-;205;104;101;-;-;-
Santo Antônio de Pádua (RJ);36 anos;604;301;303;293;153;140;110;49;61;1;-;1;200;99;101;-;-;-
Santo Antônio de Pádua (RJ);37 anos;604;272;332;285;120;165;107;51;56;-;-;-;212;101;111;-;-;-
Santo Antônio de Pádua (RJ);38 anos;647;316;331;285;143;142;121;55;66;-;-;-;241;118;123;-;-;-
Santo Antônio de Pádua (RJ);39 anos;585;281;304;297;138;159;99;50;49;1;-;1;188;93;95;-;-;-
Santo Antônio de Pádua (RJ);40 a 44 anos;3211;1575;1636;1557;749;808;594;317;277;1;-;1;1057;509;548;2;-;2
Santo Antônio de Pádua (RJ);40 anos;763;366;397;349;159;190;118;63;55;1;-;1;294;144;150;1;-;1
Santo Antônio de Pádua (RJ);41 anos;535;283;252;297;150;147;86;50;36;-;-;-;152;83;69;-;-;-
Santo Antônio de Pádua (RJ);42 anos;709;339;370;341;163;178;149;80;69;-;-;-;219;96;123;-;-;-
Santo Antônio de Pádua (RJ);43 anos;663;330;333;319;159;160;130;65;65;-;-;-;213;106;107;1;-;1
Santo Antônio de Pádua (RJ);44 anos;541;257;284;251;118;133;111;59;52;-;-;-;179;80;99;-;-;-
Santo Antônio de Pádua (RJ);45 a 49 anos;2814;1310;1504;1386;615;771;517;250;267;1;-;1;910;445;465;-;-;-
Santo Antônio de Pádua (RJ);45 anos;679;318;361;320;140;180;133;65;68;-;-;-;226;113;113;-;-;-
Santo Antônio de Pádua (RJ);46 anos;564;283;281;271;122;149;111;63;48;1;-;1;181;98;83;-;-;-
Santo Antônio de Pádua (RJ);47 anos;523;248;275;235;109;126;103;58;45;-;-;-;185;81;104;-;-;-
Santo Antônio de Pádua (RJ);48 anos;539;239;300;286;123;163;96;40;56;-;-;-;157;76;81;-;-;-
Santo Antônio de Pádua (RJ);49 anos;509;222;287;274;121;153;74;24;50;-;-;-;161;77;84;-;-;-
Santo Antônio de Pádua (RJ);50 a 54 anos;2906;1395;1511;1530;726;804;535;274;261;1;-;1;838;394;444;2;1;1
Santo Antônio de Pádua (RJ);50 anos;661;325;336;345;164;181;127;62;65;-;-;-;189;99;90;-;-;-
Santo Antônio de Pádua (RJ);51 anos;530;265;265;281;133;148;103;63;40;-;-;-;146;69;77;-;-;-
Santo Antônio de Pádua (RJ);52 anos;617;288;329;325;153;172;113;63;50;-;-;-;179;72;107;-;-;-
Santo Antônio de Pádua (RJ);53 anos;569;265;304;296;138;158;104;43;61;1;-;1;167;83;84;1;1;-
Santo Antônio de Pádua (RJ);54 anos;529;252;277;283;138;145;88;43;45;-;-;-;157;71;86;1;-;1
Santo Antônio de Pádua (RJ);55 a 59 anos;2818;1375;1443;1527;730;797;463;212;251;-;-;-;824;432;392;4;1;3
Santo Antônio de Pádua (RJ);55 anos;577;284;293;326;157;169;92;47;45;-;-;-;157;80;77;2;-;2
Santo Antônio de Pádua (RJ);56 anos;556;265;291;284;130;154;90;45;45;-;-;-;181;90;91;1;-;1
Santo Antônio de Pádua (RJ);57 anos;548;269;279;292;136;156;82;38;44;-;-;-;173;94;79;1;1;-
Santo Antônio de Pádua (RJ);58 anos;581;272;309;330;154;176;99;40;59;-;-;-;152;78;74;-;-;-
Santo Antônio de Pádua (RJ);59 anos;556;285;271;295;153;142;100;42;58;-;-;-;161;90;71;-;-;-
Santo Antônio de Pádua (RJ);60 a 64 anos;2472;1199;1273;1423;676;747;349;170;179;-;-;-;699;352;347;1;1;-
Santo Antônio de Pádua (RJ);60 anos;552;276;276;306;154;152;87;35;52;-;-;-;159;87;72;-;-;-
Santo Antônio de Pádua (RJ);61 anos;492;240;252;276;122;154;67;39;28;-;-;-;149;79;70;-;-;-
Santo Antônio de Pádua (RJ);62 anos;497;229;268;291;136;155;76;35;41;-;-;-;130;58;72;-;-;-
Santo Antônio de Pádua (RJ);63 anos;492;238;254;298;145;153;56;29;27;-;-;-;137;63;74;1;1;-
Santo Antônio de Pádua (RJ);64 anos;439;216;223;252;119;133;63;32;31;-;-;-;124;65;59;-;-;-
Santo Antônio de Pádua (RJ);65 a 69 anos;2073;986;1087;1186;540;646;288;148;140;-;-;-;598;298;300;1;-;1
Santo Antônio de Pádua (RJ);65 anos;473;226;247;274;123;151;70;39;31;-;-;-;129;64;65;-;-;-
Santo Antônio de Pádua (RJ);66 anos;427;204;223;249;124;125;60;27;33;-;-;-;117;53;64;1;-;1
Santo Antônio de Pádua (RJ);67 anos;403;190;213;243;117;126;51;23;28;-;-;-;109;50;59;-;-;-
Santo Antônio de Pádua (RJ);68 anos;405;194;211;220;90;130;61;37;24;-;-;-;124;67;57;-;-;-
Santo Antônio de Pádua (RJ);69 anos;365;172;193;200;86;114;46;22;24;-;-;-;119;64;55;-;-;-
Santo Antônio de Pádua (RJ);70 a 74 anos;1569;729;840;941;413;528;209;104;105;1;1;-;416;210;206;1;1;-
Santo Antônio de Pádua (RJ);70 anos;370;187;183;213;104;109;59;31;28;-;-;-;98;52;46;-;-;-
Santo Antônio de Pádua (RJ);71 anos;296;135;161;171;75;96;32;10;22;-;-;-;92;50;42;-;-;-
Santo Antônio de Pádua (RJ);72 anos;346;166;180;214;101;113;41;22;19;-;-;-;90;42;48;1;1;-
Santo Antônio de Pádua (RJ);73 anos;291;134;157;173;75;98;43;24;19;-;-;-;75;35;40;-;-;-
Santo Antônio de Pádua (RJ);74 anos;266;107;159;170;58;112;34;17;17;1;1;-;61;31;30;-;-;-
Santo Antônio de Pádua (RJ);75 a 79 anos;1133;519;614;709;325;384;126;61;65;-;-;-;296;132;164;1;-;1
Santo Antônio de Pádua (RJ);75 anos;279;131;148;172;81;91;30;16;14;-;-;-;76;34;42;1;-;1
Santo Antônio de Pádua (RJ);76 anos;245;114;131;155;76;79;28;11;17;-;-;-;62;27;35;-;-;-
Santo Antônio de Pádua (RJ);77 anos;209;95;114;128;57;71;16;9;7;-;-;-;65;29;36;-;-;-
Santo Antônio de Pádua (RJ);78 anos;229;106;123;144;64;80;26;13;13;-;-;-;58;28;30;-;-;-
Santo Antônio de Pádua (RJ);79 anos;171;73;98;110;47;63;26;12;14;-;-;-;35;14;21;-;-;-
Santo Antônio de Pádua (RJ);80 a 84 anos;695;290;405;468;187;281;66;30;36;-;-;-;160;73;87;1;-;1
Santo Antônio de Pádua (RJ);80 anos;184;76;108;121;45;76;27;14;13;-;-;-;36;17;19;-;-;-
Santo Antônio de Pádua (RJ);81 anos;127;44;83;89;31;58;12;4;8;-;-;-;26;9;17;-;-;-
Santo Antônio de Pádua (RJ);82 anos;134;56;78;94;39;55;5;2;3;-;-;-;34;15;19;1;-;1
Santo Antônio de Pádua (RJ);83 anos;137;68;69;87;40;47;11;4;7;-;-;-;39;24;15;-;-;-
Santo Antônio de Pádua (RJ);84 anos;113;46;67;77;32;45;11;6;5;-;-;-;25;8;17;-;-;-
Santo Antônio de Pádua (RJ);85 a 89 anos;357;149;208;240;101;139;36;11;25;-;-;-;81;37;44;-;-;-
Santo Antônio de Pádua (RJ);85 anos;103;47;56;63;30;33;7;1;6;-;-;-;33;16;17;-;-;-
Santo Antônio de Pádua (RJ);86 anos;87;39;48;65;26;39;9;5;4;-;-;-;13;8;5;-;-;-
Santo Antônio de Pádua (RJ);87 anos;58;22;36;36;15;21;8;3;5;-;-;-;14;4;10;-;-;-
Santo Antônio de Pádua (RJ);88 anos;57;23;34;41;18;23;4;-;4;-;-;-;12;5;7;-;-;-
Santo Antônio de Pádua (RJ);89 anos;52;18;34;35;12;23;8;2;6;-;-;-;9;4;5;-;-;-
Santo Antônio de Pádua (RJ);90 a 94 anos;167;56;111;111;36;75;18;7;11;-;-;-;37;12;25;1;1;-
Santo Antônio de Pádua (RJ);90 anos;52;13;39;29;8;21;6;1;5;-;-;-;17;4;13;-;-;-
Santo Antônio de Pádua (RJ);91 anos;37;17;20;26;13;13;3;3;-;-;-;-;7;-;7;1;1;-
Santo Antônio de Pádua (RJ);92 anos;34;12;22;26;8;18;2;1;1;-;-;-;6;3;3;-;-;-
Santo Antônio de Pádua (RJ);93 anos;26;10;16;18;6;12;4;1;3;-;-;-;4;3;1;-;-;-
Santo Antônio de Pádua (RJ);94 anos;18;4;14;12;1;11;3;1;2;-;-;-;3;2;1;-;-;-
Santo Antônio de Pádua (RJ);95 a 99 anos;45;13;32;37;12;25;4;-;4;-;-;-;4;1;3;-;-;-
Santo Antônio de Pádua (RJ);95 anos;14;6;8;12;5;7;-;-;-;-;-;-;2;1;1;-;-;-
Santo Antônio de Pádua (RJ);96 anos;8;1;7;7;1;6;1;-;1;-;-;-;-;-;-;-;-;-
Santo Antônio de Pádua (RJ);97 anos;9;4;5;9;4;5;-;-;-;-;-;-;-;-;-;-;-;-
Santo Antônio de Pádua (RJ);98 anos;7;1;6;3;1;2;2;-;2;-;-;-;2;-;2;-;-;-
Santo Antônio de Pádua (RJ);99 anos;7;1;6;6;1;5;1;-;1;-;-;-;-;-;-;-;-;-
Santo Antônio de Pádua (RJ);100 anos ou mais;10;6;4;7;4;3;1;1;-;-;-;-;2;1;1;-;-;-
São Francisco de Itabapoana (RJ);Total;45059;22407;22652;19451;9401;10050;4940;2512;2428;14;6;8;20630;10481;10149;20;6;14
São Francisco de Itabapoana (RJ);0 a 4 anos;2976;1525;1451;1401;735;666;188;81;107;2;1;1;1384;708;676;1;-;1
São Francisco de Itabapoana (RJ);Menos de 1 ano;583;314;269;314;183;131;34;12;22;-;-;-;235;119;116;-;-;-
São Francisco de Itabapoana (RJ);Menos de 1 mês;54;27;27;25;11;14;2;2;-;-;-;-;27;14;13;-;-;-
São Francisco de Itabapoana (RJ);1 mês;40;26;14;23;19;4;3;2;1;-;-;-;14;5;9;-;-;-
São Francisco de Itabapoana (RJ);2 meses;48;25;23;24;12;12;2;-;2;-;-;-;22;13;9;-;-;-
São Francisco de Itabapoana (RJ);3 meses;37;22;15;22;13;9;3;2;1;-;-;-;12;7;5;-;-;-
São Francisco de Itabapoana (RJ);4 meses;46;27;19;27;18;9;3;-;3;-;-;-;16;9;7;-;-;-
São Francisco de Itabapoana (RJ);5 meses;36;18;18;17;10;7;2;1;1;-;-;-;17;7;10;-;-;-
São Francisco de Itabapoana (RJ);6 meses;41;26;15;16;9;7;3;1;2;-;-;-;22;16;6;-;-;-
São Francisco de Itabapoana (RJ);7 meses;53;33;20;31;21;10;4;3;1;-;-;-;18;9;9;-;-;-
São Francisco de Itabapoana (RJ);8 meses;44;20;24;28;14;14;2;-;2;-;-;-;14;6;8;-;-;-
São Francisco de Itabapoana (RJ);9 meses;56;26;30;29;14;15;2;1;1;-;-;-;25;11;14;-;-;-
São Francisco de Itabapoana (RJ);10 meses;67;29;38;34;18;16;6;-;6;-;-;-;27;11;16;-;-;-
São Francisco de Itabapoana (RJ);11 meses;61;35;26;38;24;14;2;-;2;-;-;-;21;11;10;-;-;-
São Francisco de Itabapoana (RJ);1 ano;542;277;265;255;131;124;27;15;12;-;-;-;259;131;128;1;-;1
São Francisco de Itabapoana (RJ);2 anos;573;283;290;265;131;134;45;20;25;1;-;1;262;132;130;-;-;-
São Francisco de Itabapoana (RJ);3 anos;661;344;317;305;161;144;44;16;28;-;-;-;312;167;145;-;-;-
São Francisco de Itabapoana (RJ);4 anos;617;307;310;262;129;133;38;18;20;1;1;-;316;159;157;-;-;-
São Francisco de Itabapoana (RJ);5 a 9 anos;3132;1616;1516;1312;652;660;238;111;127;-;-;-;1580;853;727;1;-;1
São Francisco de Itabapoana (RJ);5 anos;658;328;330;296;136;160;50;23;27;-;-;-;311;169;142;1;-;1
São Francisco de Itabapoana (RJ);6 anos;633;327;306;269;135;134;46;25;21;-;-;-;317;167;150;-;-;-
São Francisco de Itabapoana (RJ);7 anos;639;325;314;277;137;140;49;25;24;-;-;-;313;163;150;-;-;-
São Francisco de Itabapoana (RJ);8 anos;580;319;261;229;124;105;47;20;27;-;-;-;304;175;129;-;-;-
São Francisco de Itabapoana (RJ);9 anos;622;317;305;241;120;121;46;18;28;-;-;-;335;179;156;-;-;-
São Francisco de Itabapoana (RJ);10 a 14 anos;3047;1592;1455;1177;596;581;260;141;119;-;-;-;1608;855;753;2;-;2
São Francisco de Itabapoana (RJ);10 anos;561;293;268;228;103;125;42;26;16;-;-;-;291;164;127;-;-;-
São Francisco de Itabapoana (RJ);11 anos;620;321;299;236;120;116;62;32;30;-;-;-;322;169;153;-;-;-
São Francisco de Itabapoana (RJ);12 anos;659;348;311;259;147;112;50;23;27;-;-;-;349;178;171;1;-;1
São Francisco de Itabapoana (RJ);13 anos;636;335;301;225;110;115;59;33;26;-;-;-;352;192;160;-;-;-
São Francisco de Itabapoana (RJ);14 anos;571;295;276;229;116;113;47;27;20;-;-;-;294;152;142;1;-;1
São Francisco de Itabapoana (RJ);15 a 19 anos;3113;1592;1521;1278;638;640;321;170;151;1;1;-;1513;783;730;-;-;-
São Francisco de Itabapoana (RJ);15 anos;635;324;311;245;119;126;67;42;25;-;-;-;323;163;160;-;-;-
São Francisco de Itabapoana (RJ);16 anos;636;341;295;278;149;129;59;32;27;-;-;-;299;160;139;-;-;-
São Francisco de Itabapoana (RJ);17 anos;632;316;316;268;136;132;60;32;28;-;-;-;304;148;156;-;-;-
São Francisco de Itabapoana (RJ);18 anos;636;298;338;252;105;147;72;32;40;1;1;-;311;160;151;-;-;-
São Francisco de Itabapoana (RJ);19 anos;574;313;261;235;129;106;63;32;31;-;-;-;276;152;124;-;-;-
São Francisco de Itabapoana (RJ);20 a 24 anos;3166;1562;1604;1282;611;671;376;188;188;1;1;-;1506;762;744;1;-;1
São Francisco de Itabapoana (RJ);20 anos;640;316;324;256;120;136;82;35;47;-;-;-;302;161;141;-;-;-
São Francisco de Itabapoana (RJ);21 anos;614;306;308;249;115;134;69;38;31;1;1;-;295;152;143;-;-;-
São Francisco de Itabapoana (RJ);22 anos;701;349;352;294;142;152;84;49;35;-;-;-;322;158;164;1;-;1
São Francisco de Itabapoana (RJ);23 anos;631;308;323;243;117;126;65;30;35;-;-;-;323;161;162;-;-;-
São Francisco de Itabapoana (RJ);24 anos;580;283;297;240;117;123;76;36;40;-;-;-;264;130;134;-;-;-
São Francisco de Itabapoana (RJ);25 a 29 anos;3069;1529;1540;1208;588;620;407;212;195;1;1;-;1450;727;723;2;1;1
São Francisco de Itabapoana (RJ);25 anos;614;307;307;234;112;122;72;40;32;-;-;-;308;155;153;-;-;-
São Francisco de Itabapoana (RJ);26 anos;584;271;313;236;111;125;83;45;38;-;-;-;264;115;149;-;-;-
São Francisco de Itabapoana (RJ);27 anos;656;334;322;252;125;127;87;46;41;-;-;-;316;162;154;1;1;-
São Francisco de Itabapoana (RJ);28 anos;635;320;315;248;118;130;89;46;43;1;1;-;296;155;141;1;-;1
São Francisco de Itabapoana (RJ);29 anos;580;297;283;238;122;116;76;35;41;-;-;-;266;140;126;-;-;-
São Francisco de Itabapoana (RJ);30 a 34 anos;3050;1470;1580;1285;630;655;377;184;193;1;-;1;1384;655;729;2;-;2
São Francisco de Itabapoana (RJ);30 anos;652;327;325;269;138;131;74;38;36;1;-;1;307;150;157;-;-;-
São Francisco de Itabapoana (RJ);31 anos;549;258;291;232;115;117;64;26;38;-;-;-;252;117;135;1;-;1
São Francisco de Itabapoana (RJ);32 anos;611;291;320;261;119;142;72;37;35;-;-;-;277;135;142;1;-;1
São Francisco de Itabapoana (RJ);33 anos;630;311;319;271;143;128;84;42;42;-;-;-;275;126;149;-;-;-
São Francisco de Itabapoana (RJ);34 anos;608;283;325;252;115;137;83;41;42;-;-;-;273;127;146;-;-;-
São Francisco de Itabapoana (RJ);35 a 39 anos;3203;1599;1604;1251;594;657;399;200;199;1;-;1;1550;804;746;2;1;1
São Francisco de Itabapoana (RJ);35 anos;615;318;297;235;120;115;65;34;31;1;-;1;313;163;150;1;1;-
São Francisco de Itabapoana (RJ);36 anos;656;312;344;235;111;124;91;38;53;-;-;-;329;163;166;1;-;1
São Francisco de Itabapoana (RJ);37 anos;627;309;318;273;128;145;67;36;31;-;-;-;287;145;142;-;-;-
São Francisco de Itabapoana (RJ);38 anos;637;322;315;256;121;135;96;48;48;-;-;-;285;153;132;-;-;-
São Francisco de Itabapoana (RJ);39 anos;668;338;330;252;114;138;80;44;36;-;-;-;336;180;156;-;-;-
São Francisco de Itabapoana (RJ);40 a 44 anos;3369;1626;1743;1434;681;753;419;192;227;2;-;2;1513;753;760;1;-;1
São Francisco de Itabapoana (RJ);40 anos;753;373;380;323;161;162;94;47;47;-;-;-;336;165;171;-;-;-
São Francisco de Itabapoana (RJ);41 anos;633;304;329;261;125;136;75;28;47;-;-;-;297;151;146;-;-;-
São Francisco de Itabapoana (RJ);42 anos;667;311;356;284;137;147;80;38;42;-;-;-;303;136;167;-;-;-
São Francisco de Itabapoana (RJ);43 anos;686;343;343;301;142;159;85;42;43;-;-;-;299;159;140;1;-;1
São Francisco de Itabapoana (RJ);44 anos;630;295;335;265;116;149;85;37;48;2;-;2;278;142;136;-;-;-
São Francisco de Itabapoana (RJ);45 a 49 anos;3057;1510;1547;1313;631;682;382;224;158;1;1;-;1359;653;706;2;1;1
São Francisco de Itabapoana (RJ);45 anos;668;343;325;296;148;148;76;46;30;1;1;-;294;147;147;1;1;-
São Francisco de Itabapoana (RJ);46 anos;640;320;320;282;140;142;84;51;33;-;-;-;274;129;145;-;-;-
São Francisco de Itabapoana (RJ);47 anos;578;297;281;241;122;119;74;41;33;-;-;-;263;134;129;-;-;-
São Francisco de Itabapoana (RJ);48 anos;565;262;303;237;102;135;73;43;30;-;-;-;254;117;137;1;-;1
São Francisco de Itabapoana (RJ);49 anos;606;288;318;257;119;138;75;43;32;-;-;-;274;126;148;-;-;-
São Francisco de Itabapoana (RJ);50 a 54 anos;2875;1416;1459;1233;576;657;333;178;155;-;-;-;1307;661;646;2;1;1
São Francisco de Itabapoana (RJ);50 anos;647;331;316;277;134;143;66;40;26;-;-;-;304;157;147;-;-;-
São Francisco de Itabapoana (RJ);51 anos;547;256;291;212;93;119;71;38;33;-;-;-;264;125;139;-;-;-
São Francisco de Itabapoana (RJ);52 anos;576;283;293;262;121;141;72;35;37;-;-;-;241;126;115;1;1;-
São Francisco de Itabapoana (RJ);53 anos;543;264;279;237;114;123;59;26;33;-;-;-;247;124;123;-;-;-
São Francisco de Itabapoana (RJ);54 anos;562;282;280;245;114;131;65;39;26;-;-;-;251;129;122;1;-;1
São Francisco de Itabapoana (RJ);55 a 59 anos;2895;1408;1487;1298;612;686;363;176;187;-;-;-;1233;620;613;1;-;1
São Francisco de Itabapoana (RJ);55 anos;607;293;314;286;133;153;71;28;43;-;-;-;250;132;118;-;-;-
São Francisco de Itabapoana (RJ);56 anos;588;285;303;253;125;128;61;27;34;-;-;-;274;133;141;-;-;-
São Francisco de Itabapoana (RJ);57 anos;540;254;286;242;115;127;77;42;35;-;-;-;220;97;123;1;-;1
São Francisco de Itabapoana (RJ);58 anos;604;301;303;267;126;141;75;41;34;-;-;-;262;134;128;-;-;-
São Francisco de Itabapoana (RJ);59 anos;556;275;281;250;113;137;79;38;41;-;-;-;227;124;103;-;-;-
São Francisco de Itabapoana (RJ);60 a 64 anos;2579;1251;1328;1216;581;635;266;136;130;1;-;1;1096;534;562;-;-;-
São Francisco de Itabapoana (RJ);60 anos;607;306;301;292;146;146;61;37;24;1;-;1;253;123;130;-;-;-
São Francisco de Itabapoana (RJ);61 anos;489;226;263;235;109;126;53;24;29;-;-;-;201;93;108;-;-;-
São Francisco de Itabapoana (RJ);62 anos;456;220;236;208;98;110;44;22;22;-;-;-;204;100;104;-;-;-
São Francisco de Itabapoana (RJ);63 anos;508;250;258;236;113;123;52;28;24;-;-;-;220;109;111;-;-;-
São Francisco de Itabapoana (RJ);64 anos;519;249;270;245;115;130;56;25;31;-;-;-;218;109;109;-;-;-
São Francisco de Itabapoana (RJ);65 a 69 anos;1997;1017;980;963;456;507;214;121;93;-;-;-;819;440;379;1;-;1
São Francisco de Itabapoana (RJ);65 anos;468;223;245;228;94;134;59;36;23;-;-;-;181;93;88;-;-;-
São Francisco de Itabapoana (RJ);66 anos;399;216;183;181;95;86;34;23;11;-;-;-;183;98;85;1;-;1
São Francisco de Itabapoana (RJ);67 anos;401;208;193;189;94;95;46;16;30;-;-;-;166;98;68;-;-;-
São Francisco de Itabapoana (RJ);68 anos;388;190;198;198;94;104;36;21;15;-;-;-;154;75;79;-;-;-
São Francisco de Itabapoana (RJ);69 anos;341;180;161;167;79;88;39;25;14;-;-;-;135;76;59;-;-;-
São Francisco de Itabapoana (RJ);70 a 74 anos;1584;789;795;809;392;417;169;82;87;2;-;2;601;313;288;2;2;-
São Francisco de Itabapoana (RJ);70 anos;401;209;192;203;106;97;43;23;20;-;-;-;154;79;75;1;1;-
São Francisco de Itabapoana (RJ);71 anos;301;137;164;150;67;83;32;17;15;1;-;1;117;53;64;-;-;-
São Francisco de Itabapoana (RJ);72 anos;334;172;162;160;85;75;45;18;27;1;-;1;128;69;59;-;-;-
São Francisco de Itabapoana (RJ);73 anos;293;145;148;157;75;82;28;13;15;-;-;-;107;56;51;1;1;-
São Francisco de Itabapoana (RJ);74 anos;255;126;129;139;59;80;21;11;10;-;-;-;95;56;39;-;-;-
São Francisco de Itabapoana (RJ);75 a 79 anos;919;445;474;448;204;244;115;61;54;1;1;-;355;179;176;-;-;-
São Francisco de Itabapoana (RJ);75 anos;247;120;127;114;54;60;29;18;11;-;-;-;104;48;56;-;-;-
São Francisco de Itabapoana (RJ);76 anos;174;87;87;71;32;39;31;18;13;1;1;-;71;36;35;-;-;-
São Francisco de Itabapoana (RJ);77 anos;176;86;90;90;47;43;22;8;14;-;-;-;64;31;33;-;-;-
São Francisco de Itabapoana (RJ);78 anos;163;88;75;87;44;43;14;8;6;-;-;-;62;36;26;-;-;-
São Francisco de Itabapoana (RJ);79 anos;159;64;95;86;27;59;19;9;10;-;-;-;54;28;26;-;-;-
São Francisco de Itabapoana (RJ);80 a 84 anos;536;247;289;289;124;165;56;28;28;-;-;-;191;95;96;-;-;-
São Francisco de Itabapoana (RJ);80 anos;141;67;74;65;27;38;21;12;9;-;-;-;55;28;27;-;-;-
São Francisco de Itabapoana (RJ);81 anos;99;48;51;55;22;33;9;6;3;-;-;-;35;20;15;-;-;-
São Francisco de Itabapoana (RJ);82 anos;123;55;68;68;32;36;11;3;8;-;-;-;44;20;24;-;-;-
São Francisco de Itabapoana (RJ);83 anos;99;46;53;58;29;29;7;4;3;-;-;-;34;13;21;-;-;-
São Francisco de Itabapoana (RJ);84 anos;74;31;43;43;14;29;8;3;5;-;-;-;23;14;9;-;-;-
São Francisco de Itabapoana (RJ);85 a 89 anos;311;140;171;161;66;95;35;15;20;-;-;-;115;59;56;-;-;-
São Francisco de Itabapoana (RJ);85 anos;80;43;37;39;21;18;9;5;4;-;-;-;32;17;15;-;-;-
São Francisco de Itabapoana (RJ);86 anos;87;44;43;41;19;22;11;6;5;-;-;-;35;19;16;-;-;-
São Francisco de Itabapoana (RJ);87 anos;40;16;24;20;6;14;5;2;3;-;-;-;15;8;7;-;-;-
São Francisco de Itabapoana (RJ);88 anos;49;16;33;27;8;19;3;-;3;-;-;-;19;8;11;-;-;-
São Francisco de Itabapoana (RJ);89 anos;55;21;34;34;12;22;7;2;5;-;-;-;14;7;7;-;-;-
São Francisco de Itabapoana (RJ);90 a 94 anos;110;50;60;55;23;32;12;8;4;-;-;-;43;19;24;-;-;-
São Francisco de Itabapoana (RJ);90 anos;42;18;24;17;6;11;5;4;1;-;-;-;20;8;12;-;-;-
São Francisco de Itabapoana (RJ);91 anos;16;8;8;9;4;5;2;2;-;-;-;-;5;2;3;-;-;-
São Francisco de Itabapoana (RJ);92 anos;24;13;11;13;7;6;4;2;2;-;-;-;7;4;3;-;-;-
São Francisco de Itabapoana (RJ);93 anos;16;5;11;9;3;6;1;-;1;-;-;-;6;2;4;-;-;-
São Francisco de Itabapoana (RJ);94 anos;12;6;6;7;3;4;-;-;-;-;-;-;5;3;2;-;-;-
São Francisco de Itabapoana (RJ);95 a 99 anos;45;15;30;25;8;17;4;1;3;-;-;-;16;6;10;-;-;-
São Francisco de Itabapoana (RJ);95 anos;6;2;4;3;2;1;1;-;1;-;-;-;2;-;2;-;-;-
São Francisco de Itabapoana (RJ);96 anos;13;5;8;8;3;5;2;1;1;-;-;-;3;1;2;-;-;-
São Francisco de Itabapoana (RJ);97 anos;17;5;12;10;2;8;-;-;-;-;-;-;7;3;4;-;-;-
São Francisco de Itabapoana (RJ);98 anos;4;1;3;3;1;2;-;-;-;-;-;-;1;-;1;-;-;-
São Francisco de Itabapoana (RJ);99 anos;5;2;3;1;-;1;1;-;1;-;-;-;3;2;1;-;-;-
São Francisco de Itabapoana (RJ);100 anos ou mais;26;8;18;13;3;10;6;3;3;-;-;-;7;2;5;-;-;-
São Fidélis (RJ);Total;38961;19225;19736;21317;10357;10960;4751;2403;2348;21;8;13;12856;6450;6406;16;7;9
São Fidélis (RJ);0 a 4 anos;2173;1140;1033;1225;653;572;207;112;95;1;-;1;739;375;364;1;-;1
São Fidélis (RJ);Menos de 1 ano;394;203;191;214;115;99;34;14;20;-;-;-;146;74;72;-;-;-
São Fidélis (RJ);Menos de 1 mês;24;11;13;14;6;8;1;1;-;-;-;-;9;4;5;-;-;-
São Fidélis (RJ);1 mês;19;8;11;9;4;5;2;2;-;-;-;-;8;2;6;-;-;-
São Fidélis (RJ);2 meses;36;17;19;25;13;12;4;-;4;-;-;-;7;4;3;-;-;-
São Fidélis (RJ);3 meses;42;25;17;23;15;8;4;1;3;-;-;-;15;9;6;-;-;-
São Fidélis (RJ);4 meses;29;14;15;18;9;9;-;-;-;-;-;-;11;5;6;-;-;-
São Fidélis (RJ);5 meses;38;25;13;23;17;6;3;-;3;-;-;-;12;8;4;-;-;-
São Fidélis (RJ);6 meses;39;19;20;20;8;12;3;3;-;-;-;-;16;8;8;-;-;-
São Fidélis (RJ);7 meses;30;19;11;13;8;5;6;3;3;-;-;-;11;8;3;-;-;-
São Fidélis (RJ);8 meses;40;20;20;19;12;7;1;1;-;-;-;-;20;7;13;-;-;-
São Fidélis (RJ);9 meses;35;14;21;21;7;14;5;1;4;-;-;-;9;6;3;-;-;-
São Fidélis (RJ);10 meses;25;13;12;8;6;2;2;-;2;-;-;-;15;7;8;-;-;-
São Fidélis (RJ);11 meses;37;18;19;21;10;11;3;2;1;-;-;-;13;6;7;-;-;-
São Fidélis (RJ);1 ano;370;179;191;227;113;114;23;12;11;-;-;-;120;54;66;-;-;-
São Fidélis (RJ);2 anos;431;230;201;244;133;111;49;25;24;1;-;1;136;72;64;1;-;1
São Fidélis (RJ);3 anos;521;258;263;287;141;146;51;25;26;-;-;-;183;92;91;-;-;-
São Fidélis (RJ);4 anos;457;270;187;253;151;102;50;36;14;-;-;-;154;83;71;-;-;-
São Fidélis (RJ);5 a 9 anos;2454;1244;1210;1289;652;637;230;121;109;3;2;1;931;469;462;1;-;1
São Fidélis (RJ);5 anos;465;244;221;248;124;124;41;21;20;1;1;-;175;98;77;-;-;-
São Fidélis (RJ);6 anos;499;232;267;277;129;148;42;23;19;-;-;-;179;80;99;1;-;1
São Fidélis (RJ);7 anos;481;242;239;262;133;129;45;23;22;1;-;1;173;86;87;-;-;-
São Fidélis (RJ);8 anos;495;262;233;241;130;111;51;29;22;1;1;-;202;102;100;-;-;-
São Fidélis (RJ);9 anos;514;264;250;261;136;125;51;25;26;-;-;-;202;103;99;-;-;-
São Fidélis (RJ);10 a 14 anos;2358;1212;1146;1223;630;593;234;117;117;1;-;1;900;465;435;-;-;-
São Fidélis (RJ);10 anos;474;253;221;260;139;121;46;23;23;-;-;-;168;91;77;-;-;-
São Fidélis (RJ);11 anos;463;253;210;233;129;104;46;26;20;1;-;1;183;98;85;-;-;-
São Fidélis (RJ);12 anos;527;262;265;263;136;127;60;29;31;-;-;-;204;97;107;-;-;-
São Fidélis (RJ);13 anos;452;208;244;240;108;132;42;16;26;-;-;-;170;84;86;-;-;-
São Fidélis (RJ);14 anos;442;236;206;227;118;109;40;23;17;-;-;-;175;95;80;-;-;-
São Fidélis (RJ);15 a 19 anos;2339;1213;1126;1260;627;633;279;152;127;-;-;-;798;432;366;2;2;-
São Fidélis (RJ);15 anos;486;255;231;272;138;134;47;22;25;-;-;-;166;94;72;1;1;-
São Fidélis (RJ);16 anos;482;258;224;246;134;112;67;38;29;-;-;-;169;86;83;-;-;-
São Fidélis (RJ);17 anos;450;220;230;236;102;134;48;32;16;-;-;-;165;85;80;1;1;-
São Fidélis (RJ);18 anos;461;235;226;253;112;141;56;32;24;-;-;-;152;91;61;-;-;-
São Fidélis (RJ);19 anos;460;245;215;253;141;112;61;28;33;-;-;-;146;76;70;-;-;-
São Fidélis (RJ);20 a 24 anos;2623;1427;1196;1370;749;621;349;187;162;1;1;-;901;490;411;2;-;2
São Fidélis (RJ);20 anos;465;257;208;227;116;111;63;33;30;-;-;-;175;108;67;-;-;-
São Fidélis (RJ);21 anos;517;287;230;249;147;102;79;40;39;-;-;-;189;100;89;-;-;-
São Fidélis (RJ);22 anos;597;327;270;313;164;149;76;47;29;1;1;-;207;115;92;-;-;-
São Fidélis (RJ);23 anos;540;286;254;297;174;123;65;33;32;-;-;-;176;79;97;2;-;2
São Fidélis (RJ);24 anos;504;270;234;284;148;136;66;34;32;-;-;-;154;88;66;-;-;-
São Fidélis (RJ);25 a 29 anos;2423;1166;1257;1289;640;649;332;154;178;3;2;1;798;369;429;1;1;-
São Fidélis (RJ);25 anos;510;251;259;291;150;141;61;29;32;1;1;-;157;71;86;-;-;-
São Fidélis (RJ);26 anos;493;242;251;263;135;128;63;29;34;-;-;-;167;78;89;-;-;-
São Fidélis (RJ);27 anos;476;217;259;254;115;139;73;34;39;1;1;-;148;67;81;-;-;-
São Fidélis (RJ);28 anos;495;238;257;238;116;122;79;33;46;1;-;1;177;89;88;-;-;-
São Fidélis (RJ);29 anos;449;218;231;243;124;119;56;29;27;-;-;-;149;64;85;1;1;-
São Fidélis (RJ);30 a 34 anos;2613;1286;1327;1380;674;706;370;199;171;2;-;2;861;413;448;-;-;-
São Fidélis (RJ);30 anos;530;245;285;278;135;143;65;27;38;1;-;1;186;83;103;-;-;-
São Fidélis (RJ);31 anos;492;247;245;247;122;125;71;37;34;-;-;-;174;88;86;-;-;-
São Fidélis (RJ);32 anos;541;277;264;279;135;144;83;47;36;1;-;1;178;95;83;-;-;-
São Fidélis (RJ);33 anos;530;258;272;293;142;151;79;43;36;-;-;-;158;73;85;-;-;-
São Fidélis (RJ);34 anos;520;259;261;283;140;143;72;45;27;-;-;-;165;74;91;-;-;-
São Fidélis (RJ);35 a 39 anos;2834;1332;1502;1481;693;788;398;198;200;2;1;1;952;439;513;1;1;-
São Fidélis (RJ);35 anos;565;278;287;281;130;151;80;41;39;-;-;-;204;107;97;-;-;-
São Fidélis (RJ);36 anos;581;286;295;312;160;152;82;42;40;-;-;-;186;83;103;1;1;-
São Fidélis (RJ);37 anos;523;240;283;280;130;150;70;34;36;1;1;-;172;75;97;-;-;-
São Fidélis (RJ);38 anos;591;282;309;293;137;156;91;45;46;-;-;-;207;100;107;-;-;-
São Fidélis (RJ);39 anos;574;246;328;315;136;179;75;36;39;1;-;1;183;74;109;-;-;-
São Fidélis (RJ);40 a 44 anos;3124;1543;1581;1664;796;868;403;228;175;-;-;-;1055;518;537;2;1;1
São Fidélis (RJ);40 anos;731;366;365;387;187;200;94;46;48;-;-;-;250;133;117;-;-;-
São Fidélis (RJ);41 anos;562;297;265;298;155;143;71;44;27;-;-;-;192;97;95;1;1;-
São Fidélis (RJ);42 anos;694;338;356;379;178;201;92;51;41;-;-;-;223;109;114;-;-;-
São Fidélis (RJ);43 anos;590;272;318;327;146;181;75;45;30;-;-;-;187;81;106;1;-;1
São Fidélis (RJ);44 anos;547;270;277;273;130;143;71;42;29;-;-;-;203;98;105;-;-;-
São Fidélis (RJ);45 a 49 anos;2590;1299;1291;1388;666;722;343;182;161;-;-;-;858;451;407;1;-;1
São Fidélis (RJ);45 anos;582;308;274;305;152;153;71;44;27;-;-;-;206;112;94;-;-;-
São Fidélis (RJ);46 anos;512;247;265;285;142;143;66;29;37;-;-;-;160;76;84;1;-;1
São Fidélis (RJ);47 anos;514;255;259;286;129;157;79;42;37;-;-;-;149;84;65;-;-;-
São Fidélis (RJ);48 anos;478;239;239;253;123;130;53;26;27;-;-;-;172;90;82;-;-;-
São Fidélis (RJ);49 anos;504;250;254;259;120;139;74;41;33;-;-;-;171;89;82;-;-;-
São Fidélis (RJ);50 a 54 anos;2675;1320;1355;1472;710;762;353;175;178;1;-;1;849;435;414;-;-;-
São Fidélis (RJ);50 anos;582;305;277;304;158;146;86;47;39;-;-;-;192;100;92;-;-;-
São Fidélis (RJ);51 anos;493;231;262;277;117;160;71;39;32;-;-;-;145;75;70;-;-;-
São Fidélis (RJ);52 anos;561;296;265;310;175;135;76;30;46;1;-;1;174;91;83;-;-;-
São Fidélis (RJ);53 anos;521;237;284;291;123;168;61;28;33;-;-;-;169;86;83;-;-;-
São Fidélis (RJ);54 anos;518;251;267;290;137;153;59;31;28;-;-;-;169;83;86;-;-;-
São Fidélis (RJ);55 a 59 anos;2491;1195;1296;1356;652;704;308;156;152;2;1;1;822;386;436;3;-;3
São Fidélis (RJ);55 anos;545;258;287;308;148;160;57;26;31;-;-;-;180;84;96;-;-;-
São Fidélis (RJ);56 anos;496;266;230;262;140;122;68;40;28;-;-;-;165;86;79;1;-;1
São Fidélis (RJ);57 anos;494;227;267;265;127;138;64;35;29;1;-;1;163;65;98;1;-;1
São Fidélis (RJ);58 anos;493;222;271;281;121;160;58;27;31;-;-;-;153;74;79;1;-;1
São Fidélis (RJ);59 anos;463;222;241;240;116;124;61;28;33;1;1;-;161;77;84;-;-;-
São Fidélis (RJ);60 a 64 anos;2455;1189;1266;1381;654;727;319;143;176;3;-;3;751;391;360;1;1;-
São Fidélis (RJ);60 anos;558;258;300;312;141;171;79;37;42;1;-;1;166;80;86;-;-;-
São Fidélis (RJ);61 anos;500;235;265;273;132;141;62;26;36;-;-;-;165;77;88;-;-;-
São Fidélis (RJ);62 anos;494;244;250;288;144;144;61;24;37;-;-;-;145;76;69;-;-;-
São Fidélis (RJ);63 anos;482;239;243;270;125;145;65;29;36;1;-;1;146;85;61;-;-;-
São Fidélis (RJ);64 anos;421;213;208;238;112;126;52;27;25;1;-;1;129;73;56;1;1;-
São Fidélis (RJ);65 a 69 anos;1934;930;1004;1092;508;584;221;101;120;1;1;-;620;320;300;-;-;-
São Fidélis (RJ);65 anos;457;219;238;248;114;134;54;24;30;1;1;-;154;80;74;-;-;-
São Fidélis (RJ);66 anos;372;184;188;225;114;111;47;23;24;-;-;-;100;47;53;-;-;-
São Fidélis (RJ);67 anos;370;172;198;208;92;116;33;20;13;-;-;-;129;60;69;-;-;-
São Fidélis (RJ);68 anos;384;186;198;212;97;115;40;17;23;-;-;-;132;72;60;-;-;-
São Fidélis (RJ);69 anos;351;169;182;199;91;108;47;17;30;-;-;-;105;61;44;-;-;-
São Fidélis (RJ);70 a 74 anos;1531;699;832;958;430;528;156;74;82;-;-;-;416;194;222;1;1;-
São Fidélis (RJ);70 anos;358;173;185;218;104;114;39;23;16;-;-;-;101;46;55;-;-;-
São Fidélis (RJ);71 anos;311;136;175;192;80;112;19;8;11;-;-;-;99;47;52;1;1;-
São Fidélis (RJ);72 anos;344;161;183;220;101;119;44;21;23;-;-;-;80;39;41;-;-;-
São Fidélis (RJ);73 anos;282;126;156;185;83;102;30;9;21;-;-;-;67;34;33;-;-;-
São Fidélis (RJ);74 anos;236;103;133;143;62;81;24;13;11;-;-;-;69;28;41;-;-;-
São Fidélis (RJ);75 a 79 anos;1070;484;586;655;285;370;116;50;66;-;-;-;299;149;150;-;-;-
São Fidélis (RJ);75 anos;261;119;142;166;81;85;26;6;20;-;-;-;69;32;37;-;-;-
São Fidélis (RJ);76 anos;245;116;129;141;59;82;24;14;10;-;-;-;80;43;37;-;-;-
São Fidélis (RJ);77 anos;193;84;109;120;48;72;17;10;7;-;-;-;56;26;30;-;-;-
São Fidélis (RJ);78 anos;202;92;110;124;57;67;22;8;14;-;-;-;56;27;29;-;-;-
São Fidélis (RJ);79 anos;169;73;96;104;40;64;27;12;15;-;-;-;38;21;17;-;-;-
São Fidélis (RJ);80 a 84 anos;685;301;384;432;175;257;77;34;43;-;-;-;176;92;84;-;-;-
São Fidélis (RJ);80 anos;171;73;98;103;38;65;16;5;11;-;-;-;52;30;22;-;-;-
São Fidélis (RJ);81 anos;150;68;82;94;38;56;14;6;8;-;-;-;42;24;18;-;-;-
São Fidélis (RJ);82 anos;115;49;66;86;35;51;10;4;6;-;-;-;19;10;9;-;-;-
São Fidélis (RJ);83 anos;125;53;72;74;32;42;19;7;12;-;-;-;32;14;18;-;-;-
São Fidélis (RJ);84 anos;124;58;66;75;32;43;18;12;6;-;-;-;31;14;17;-;-;-
São Fidélis (RJ);85 a 89 anos;373;158;215;259;104;155;31;13;18;1;-;1;82;41;41;-;-;-
São Fidélis (RJ);85 anos;88;42;46;59;26;33;8;4;4;-;-;-;21;12;9;-;-;-
São Fidélis (RJ);86 anos;84;37;47;55;21;34;9;6;3;-;-;-;20;10;10;-;-;-
São Fidélis (RJ);87 anos;74;25;49;52;19;33;3;-;3;-;-;-;19;6;13;-;-;-
São Fidélis (RJ);88 anos;72;31;41;46;18;28;7;2;5;1;-;1;18;11;7;-;-;-
São Fidélis (RJ);89 anos;55;23;32;47;20;27;4;1;3;-;-;-;4;2;2;-;-;-
São Fidélis (RJ);90 a 94 anos;162;70;92;109;48;61;19;6;13;-;-;-;34;16;18;-;-;-
São Fidélis (RJ);90 anos;49;22;27;34;16;18;4;-;4;-;-;-;11;6;5;-;-;-
São Fidélis (RJ);91 anos;40;18;22;24;10;14;6;3;3;-;-;-;10;5;5;-;-;-
São Fidélis (RJ);92 anos;32;14;18;20;11;9;3;-;3;-;-;-;9;3;6;-;-;-
São Fidélis (RJ);93 anos;27;14;13;20;10;10;6;3;3;-;-;-;1;1;-;-;-;-
São Fidélis (RJ);94 anos;14;2;12;11;1;10;-;-;-;-;-;-;3;1;2;-;-;-
São Fidélis (RJ);95 a 99 anos;48;14;34;29;9;20;6;1;5;-;-;-;13;4;9;-;-;-
São Fidélis (RJ);95 anos;16;3;13;6;2;4;2;-;2;-;-;-;8;1;7;-;-;-
São Fidélis (RJ);96 anos;10;-;10;9;-;9;1;-;1;-;-;-;-;-;-;-;-;-
São Fidélis (RJ);97 anos;10;5;5;5;2;3;1;1;-;-;-;-;4;2;2;-;-;-
São Fidélis (RJ);98 anos;8;3;5;6;2;4;1;-;1;-;-;-;1;1;-;-;-;-
São Fidélis (RJ);99 anos;4;3;1;3;3;-;1;-;1;-;-;-;-;-;-;-;-;-
São Fidélis (RJ);100 anos ou mais;6;3;3;5;2;3;-;-;-;-;-;-;1;1;-;-;-;-
São Gonçalo (RJ);Total;896744;421444;475300;331250;150111;181139;152326;71741;80585;490;229;261;411987;199083;212904;661;267;394
São Gonçalo (RJ);0 a 4 anos;46231;23408;22823;18810;9509;9301;5806;2934;2872;15;7;8;21590;10952;10638;10;6;4
São Gonçalo (RJ);Menos de 1 ano;8068;4072;3996;3603;1836;1767;940;449;491;1;-;1;3523;1786;1737;1;1;-
São Gonçalo (RJ);Menos de 1 mês;564;283;281;261;130;131;72;36;36;-;-;-;231;117;114;-;-;-
São Gonçalo (RJ);1 mês;627;320;307;273;142;131;64;26;38;-;-;-;290;152;138;-;-;-
São Gonçalo (RJ);2 meses;680;349;331;330;170;160;65;27;38;-;-;-;285;152;133;-;-;-
São Gonçalo (RJ);3 meses;640;306;334;320;150;170;73;36;37;1;-;1;246;120;126;-;-;-
São Gonçalo (RJ);4 meses;699;334;365;303;150;153;71;35;36;-;-;-;325;149;176;-;-;-
São Gonçalo (RJ);5 meses;622;319;303;259;135;124;77;34;43;-;-;-;286;150;136;-;-;-
São Gonçalo (RJ);6 meses;721;364;357;312;161;151;85;44;41;-;-;-;324;159;165;-;-;-
São Gonçalo (RJ);7 meses;758;392;366;313;169;144;97;48;49;-;-;-;347;174;173;1;1;-
São Gonçalo (RJ);8 meses;695;359;336;314;167;147;88;38;50;-;-;-;293;154;139;-;-;-
São Gonçalo (RJ);9 meses;663;341;322;287;139;148;85;43;42;-;-;-;291;159;132;-;-;-
São Gonçalo (RJ);10 meses;705;359;346;326;165;161;78;37;41;-;-;-;301;157;144;-;-;-
São Gonçalo (RJ);11 meses;694;346;348;305;158;147;85;45;40;-;-;-;304;143;161;-;-;-
São Gonçalo (RJ);1 ano;8181;4159;4022;3518;1793;1725;952;511;441;5;2;3;3705;1853;1852;1;-;1
São Gonçalo (RJ);2 anos;9477;4833;4644;3734;1890;1844;1239;631;608;4;3;1;4496;2306;2190;4;3;1
São Gonçalo (RJ);3 anos;10257;5164;5093;4070;2019;2051;1323;664;659;3;1;2;4857;2478;2379;4;2;2
São Gonçalo (RJ);4 anos;10248;5180;5068;3885;1971;1914;1352;679;673;2;1;1;5009;2529;2480;-;-;-
São Gonçalo (RJ);5 a 9 anos;54374;27707;26667;19782;9923;9859;7996;4115;3881;20;14;6;26557;13642;12915;19;13;6
São Gonçalo (RJ);5 anos;10266;5229;5037;3860;1995;1865;1492;746;746;3;3;-;4909;2484;2425;2;1;1
São Gonçalo (RJ);6 anos;11231;5635;5596;4172;2026;2146;1601;814;787;3;1;2;5451;2791;2660;4;3;1
São Gonçalo (RJ);7 anos;11240;5705;5535;4103;2026;2077;1653;861;792;3;2;1;5476;2814;2662;5;2;3
São Gonçalo (RJ);8 anos;11076;5755;5321;3917;1993;1924;1652;865;787;6;3;3;5497;2891;2606;4;3;1
São Gonçalo (RJ);9 anos;10561;5383;5178;3730;1883;1847;1598;829;769;5;5;-;5224;2662;2562;4;4;-
São Gonçalo (RJ);10 a 14 anos;49123;25213;23910;17683;8865;8818;7115;3690;3425;29;19;10;24271;12624;11647;24;15;9
São Gonçalo (RJ);10 anos;9831;5070;4761;3519;1789;1730;1387;727;660;2;1;1;4920;2551;2369;2;2;-
São Gonçalo (RJ);11 anos;9650;4930;4720;3523;1766;1757;1414;738;676;5;1;4;4701;2419;2282;7;6;1
São Gonçalo (RJ);12 anos;10147;5166;4981;3563;1758;1805;1445;750;695;3;3;-;5127;2649;2478;9;6;3
São Gonçalo (RJ);13 anos;9939;5181;4758;3558;1808;1750;1488;770;718;13;11;2;4877;2592;2285;3;-;3
São Gonçalo (RJ);14 anos;9556;4866;4690;3520;1744;1776;1381;705;676;6;3;3;4646;2413;2233;3;1;2
São Gonçalo (RJ);15 a 19 anos;52492;26380;26112;18355;9042;9313;8785;4461;4324;27;11;16;25293;12856;12437;31;10;21
São Gonçalo (RJ);15 anos;9921;4873;5048;3543;1706;1837;1557;770;787;2;1;1;4813;2396;2417;6;-;6
São Gonçalo (RJ);16 anos;10344;5287;5057;3591;1812;1779;1655;876;779;1;-;1;5090;2595;2495;7;4;3
São Gonçalo (RJ);17 anos;10648;5437;5211;3736;1868;1868;1745;915;830;7;4;3;5153;2648;2505;7;2;5
São Gonçalo (RJ);18 anos;11118;5595;5523;3836;1868;1968;1916;971;945;7;2;5;5351;2751;2600;7;3;4
São Gonçalo (RJ);19 anos;10461;5188;5273;3649;1788;1861;1912;929;983;10;4;6;4886;2466;2420;4;1;3
São Gonçalo (RJ);20 a 24 anos;61873;30251;31622;21818;10405;11413;11461;5651;5810;34;17;17;28532;14161;14371;28;17;11
São Gonçalo (RJ);20 anos;11182;5532;5650;3919;1887;2032;1987;985;1002;8;3;5;5265;2655;2610;3;2;1
São Gonçalo (RJ);21 anos;11184;5480;5704;4004;1943;2061;2069;1017;1052;5;2;3;5102;2516;2586;4;2;2
São Gonçalo (RJ);22 anos;13806;6825;6981;4951;2359;2592;2611;1301;1310;9;5;4;6228;3155;3073;7;5;2
São Gonçalo (RJ);23 anos;13123;6381;6742;4514;2134;2380;2427;1198;1229;3;-;3;6171;3045;3126;8;4;4
São Gonçalo (RJ);24 anos;12578;6033;6545;4430;2082;2348;2367;1150;1217;9;7;2;5766;2790;2976;6;4;2
São Gonçalo (RJ);25 a 29 anos;64382;30488;33894;22055;10271;11784;12478;5980;6498;36;15;21;29766;14200;15566;44;19;25
São Gonçalo (RJ);25 anos;13559;6505;7054;4646;2185;2461;2584;1251;1333;7;2;5;6310;3061;3249;11;5;6
São Gonçalo (RJ);26 anos;12835;6099;6736;4341;2088;2253;2477;1160;1317;12;3;9;5992;2842;3150;12;5;7
São Gonçalo (RJ);27 anos;13122;6257;6865;4525;2087;2438;2527;1244;1283;9;8;1;6055;2913;3142;6;5;1
São Gonçalo (RJ);28 anos;12875;6072;6803;4371;1968;2403;2563;1252;1311;4;1;3;5932;2850;3082;5;1;4
São Gonçalo (RJ);29 anos;11991;5555;6436;4172;1943;2229;2327;1073;1254;4;1;3;5477;2534;2943;10;3;7
São Gonçalo (RJ);30 a 34 anos;65221;30915;34306;22970;10403;12567;12138;5859;6279;45;25;20;30030;14610;15420;35;16;19
São Gonçalo (RJ);30 anos;14397;6742;7655;5019;2263;2756;2652;1275;1377;5;4;1;6713;3197;3516;8;3;5
São Gonçalo (RJ);31 anos;11560;5492;6068;4174;1926;2248;2182;1034;1148;7;3;4;5188;2526;2662;7;1;6
São Gonçalo (RJ);32 anos;13930;6524;7406;4812;2191;2621;2598;1210;1388;14;10;4;6497;3109;3388;9;4;5
São Gonçalo (RJ);33 anos;12971;6204;6767;4540;2040;2500;2414;1186;1228;9;5;4;6000;2967;3033;8;6;2
São Gonçalo (RJ);34 anos;12363;5953;6410;4425;1983;2442;2292;1154;1138;10;3;7;5632;2811;2821;3;2;1
São Gonçalo (RJ);35 a 39 anos;68548;32245;36303;24251;10962;13289;12128;5835;6293;32;15;17;32075;15406;16669;59;24;35
São Gonçalo (RJ);35 anos;14569;6913;7656;5018;2282;2736;2523;1232;1291;3;1;2;7012;3391;3621;13;7;6
São Gonçalo (RJ);36 anos;13965;6467;7498;4867;2145;2722;2526;1190;1336;3;-;3;6558;3125;3433;11;7;4
São Gonçalo (RJ);37 anos;12546;5776;6770;4624;2082;2542;2278;1061;1217;11;4;7;5624;2627;2997;9;2;7
São Gonçalo (RJ);38 anos;13717;6534;7183;4893;2203;2690;2373;1167;1206;8;6;2;6426;3149;3277;14;6;8
São Gonçalo (RJ);39 anos;13751;6555;7196;4849;2250;2599;2428;1185;1243;7;4;3;6455;3114;3341;12;2;10
São Gonçalo (RJ);40 a 44 anos;74099;35140;38959;26282;11866;14416;13355;6442;6913;51;22;29;34359;16785;17574;51;24;27
São Gonçalo (RJ);40 anos;17226;8131;9095;6226;2848;3378;2989;1464;1525;9;3;6;7993;3813;4180;9;3;6
São Gonçalo (RJ);41 anos;13589;6490;7099;4794;2188;2606;2446;1159;1287;10;5;5;6329;3132;3197;10;6;4
São Gonçalo (RJ);42 anos;16076;7751;8325;5750;2619;3131;2955;1450;1505;15;8;7;7342;3668;3674;14;6;8
São Gonçalo (RJ);43 anos;14306;6749;7557;5016;2239;2777;2612;1253;1359;11;5;6;6658;3247;3411;9;5;4
São Gonçalo (RJ);44 anos;12902;6019;6883;4496;1972;2524;2353;1116;1237;6;1;5;6037;2925;3112;9;4;5
São Gonçalo (RJ);45 a 49 anos;65527;30770;34757;22876;10189;12687;11678;5522;6156;51;24;27;30868;15011;15857;53;24;29
São Gonçalo (RJ);45 anos;15099;7168;7931;5148;2304;2844;2586;1250;1336;9;6;3;7340;3602;3738;16;6;10
São Gonçalo (RJ);46 anos;12925;6120;6805;4571;2052;2519;2329;1099;1230;8;4;4;6008;2959;3049;9;6;3
São Gonçalo (RJ);47 anos;12371;5786;6585;4376;1973;2403;2265;1036;1229;11;8;3;5704;2764;2940;15;5;10
São Gonçalo (RJ);48 anos;12785;5946;6839;4476;1945;2531;2326;1108;1218;12;5;7;5966;2885;3081;4;3;1
São Gonçalo (RJ);49 anos;12347;5750;6597;4305;1915;2390;2172;1029;1143;11;1;10;5850;2801;3049;9;4;5
São Gonçalo (RJ);50 a 54 anos;63813;29818;33995;22642;10117;12525;11515;5471;6044;37;14;23;29563;14197;15366;55;19;36
São Gonçalo (RJ);50 anos;15294;7388;7906;5366;2486;2880;2777;1377;1400;6;1;5;7137;3521;3616;7;3;4
São Gonçalo (RJ);51 anos;11693;5486;6207;4209;1878;2331;2114;1027;1087;10;3;7;5349;2575;2774;11;3;8
São Gonçalo (RJ);52 anos;13200;6152;7048;4660;2100;2560;2368;1107;1261;8;4;4;6153;2938;3215;11;3;8
São Gonçalo (RJ);53 anos;12104;5512;6592;4237;1838;2399;2232;1021;1211;5;2;3;5616;2643;2973;14;8;6
São Gonçalo (RJ);54 anos;11522;5280;6242;4170;1815;2355;2024;939;1085;8;4;4;5308;2520;2788;12;2;10
São Gonçalo (RJ);55 a 59 anos;59898;27616;32282;22434;9923;12511;10138;4647;5491;28;12;16;27236;13012;14224;60;21;39
São Gonçalo (RJ);55 anos;12396;5755;6641;4503;2011;2492;2123;975;1148;6;4;2;5754;2763;2991;10;2;8
São Gonçalo (RJ);56 anos;11915;5564;6351;4385;1943;2442;2031;947;1084;5;3;2;5482;2664;2818;11;7;4
São Gonçalo (RJ);57 anos;11822;5465;6357;4471;2007;2464;1993;918;1075;4;1;3;5338;2533;2805;15;5;10
São Gonçalo (RJ);58 anos;12538;5774;6764;4722;2086;2636;2135;970;1165;8;3;5;5658;2710;2948;15;5;10
São Gonçalo (RJ);59 anos;11227;5058;6169;4353;1876;2477;1856;837;1019;5;1;4;5004;2342;2662;9;2;7
São Gonçalo (RJ);60 a 64 anos;54136;24249;29887;20764;8927;11837;9014;3896;5118;23;13;10;24271;11390;12881;63;23;40
São Gonçalo (RJ);60 anos;12910;5865;7045;4874;2123;2751;2173;962;1211;6;2;4;5843;2775;3068;14;3;11
São Gonçalo (RJ);61 anos;10186;4582;5604;3908;1709;2199;1697;743;954;5;3;2;4569;2126;2443;7;1;6
São Gonçalo (RJ);62 anos;11103;4870;6233;4273;1805;2468;1938;814;1124;3;3;-;4873;2240;2633;15;8;7
São Gonçalo (RJ);63 anos;10409;4674;5735;3894;1671;2223;1683;719;964;6;4;2;4812;2274;2538;14;6;8
São Gonçalo (RJ);64 anos;9528;4258;5270;3815;1619;2196;1523;658;865;3;1;2;4174;1975;2199;13;5;8
São Gonçalo (RJ);65 a 69 anos;43571;18855;24716;17415;7285;10130;7315;3065;4250;21;9;12;18768;8479;10289;49;16;33
São Gonçalo (RJ);65 anos;10839;4761;6078;4317;1768;2549;1804;803;1001;5;2;3;4700;2182;2518;13;6;7
São Gonçalo (RJ);66 anos;8777;3844;4933;3394;1502;1892;1469;611;858;3;3;-;3903;1728;2175;8;-;8
São Gonçalo (RJ);67 anos;8308;3588;4720;3353;1427;1926;1438;574;864;4;1;3;3500;1582;1918;12;4;8
São Gonçalo (RJ);68 anos;8306;3548;4758;3348;1357;1991;1369;570;799;5;2;3;3575;1616;1959;8;2;6
São Gonçalo (RJ);69 anos;7341;3114;4227;3003;1231;1772;1235;507;728;4;1;3;3090;1371;1719;8;4;4
São Gonçalo (RJ);70 a 74 anos;31876;13207;18669;13422;5378;8044;5254;2104;3150;20;2;18;13146;5719;7427;32;4;28
São Gonçalo (RJ);70 anos;8166;3508;4658;3321;1348;1973;1427;600;827;3;1;2;3405;1557;1848;10;2;8
São Gonçalo (RJ);71 anos;6242;2636;3606;2599;1064;1535;1015;409;606;4;-;4;2618;1162;1456;6;1;5
São Gonçalo (RJ);72 anos;6737;2783;3954;2844;1148;1696;1091;417;674;5;-;5;2792;1218;1574;4;-;4
São Gonçalo (RJ);73 anos;5663;2230;3433;2396;925;1471;903;349;554;4;1;3;2353;955;1398;7;-;7
São Gonçalo (RJ);74 anos;5068;2050;3018;2262;893;1369;818;329;489;4;-;4;1978;827;1151;5;1;4
São Gonçalo (RJ);75 a 79 anos;19756;7739;12017;8945;3444;5501;3028;1084;1944;13;6;7;7751;3199;4552;18;6;12
São Gonçalo (RJ);75 anos;4926;1945;2981;2190;847;1343;730;268;462;3;-;3;2000;828;1172;2;2;-
São Gonçalo (RJ);76 anos;4391;1748;2643;1966;774;1192;686;260;426;4;3;1;1729;709;1020;6;2;4
São Gonçalo (RJ);77 anos;3625;1410;2215;1613;595;1018;582;225;357;1;-;1;1426;590;836;3;-;3
São Gonçalo (RJ);78 anos;3617;1404;2213;1707;646;1061;529;186;343;3;2;1;1373;569;804;5;1;4
São Gonçalo (RJ);79 anos;3197;1232;1965;1469;582;887;501;145;356;2;1;1;1223;503;720;2;1;1
São Gonçalo (RJ);80 a 84 anos;12417;4634;7783;6025;2200;3825;1783;631;1152;5;3;2;4589;1791;2798;12;8;4
São Gonçalo (RJ);80 anos;3236;1282;1954;1538;590;948;466;183;283;2;1;1;1225;505;720;5;3;2
São Gonçalo (RJ);81 anos;2567;993;1574;1266;485;781;369;127;242;-;-;-;929;380;549;3;1;2
São Gonçalo (RJ);82 anos;2631;968;1663;1262;439;823;393;143;250;1;-;1;973;385;588;1;1;-
São Gonçalo (RJ);83 anos;2115;758;1357;1054;388;666;287;101;186;2;2;-;769;265;504;1;1;-
São Gonçalo (RJ);84 anos;1868;633;1235;905;298;607;268;77;191;-;-;-;693;256;437;2;2;-
São Gonçalo (RJ);85 a 89 anos;6138;1939;4199;2990;946;2044;885;248;637;3;1;2;2244;742;1502;12;1;11
São Gonçalo (RJ);85 anos;1620;513;1107;785;249;536;239;66;173;-;-;-;592;198;394;3;-;3
São Gonçalo (RJ);86 anos;1522;483;1039;705;231;474;199;48;151;-;-;-;616;203;413;1;-;1
São Gonçalo (RJ);87 anos;1235;414;821;579;203;376;203;61;142;1;-;1;448;150;298;4;-;4
São Gonçalo (RJ);88 anos;994;311;683;537;156;381;133;33;100;2;1;1;319;120;199;3;1;2
São Gonçalo (RJ);89 anos;767;218;549;384;107;277;111;40;71;-;-;-;269;71;198;1;-;1
São Gonçalo (RJ);90 a 94 anos;2499;698;1801;1333;365;968;343;81;262;-;-;-;817;251;566;6;1;5
São Gonçalo (RJ);90 anos;724;229;495;386;118;268;112;34;78;-;-;-;223;77;146;3;-;3
São Gonçalo (RJ);91 anos;571;162;409;306;81;225;64;17;47;-;-;-;201;64;137;-;-;-
São Gonçalo (RJ);92 anos;530;142;388;280;76;204;73;8;65;-;-;-;176;58;118;1;-;1
São Gonçalo (RJ);93 anos;375;87;288;198;44;154;55;14;41;-;-;-;121;29;92;1;-;1
São Gonçalo (RJ);94 anos;299;78;221;163;46;117;39;8;31;-;-;-;96;23;73;1;1;-
São Gonçalo (RJ);95 a 99 anos;673;156;517;343;83;260;97;20;77;-;-;-;233;53;180;-;-;-
São Gonçalo (RJ);95 anos;231;62;169;120;26;94;32;10;22;-;-;-;79;26;53;-;-;-
São Gonçalo (RJ);96 anos;190;43;147;96;25;71;31;6;25;-;-;-;63;12;51;-;-;-
São Gonçalo (RJ);97 anos;104;23;81;60;15;45;10;2;8;-;-;-;34;6;28;-;-;-
São Gonçalo (RJ);98 anos;87;18;69;38;11;27;15;2;13;-;-;-;34;5;29;-;-;-
São Gonçalo (RJ);99 anos;61;10;51;29;6;23;9;-;9;-;-;-;23;4;19;-;-;-
São Gonçalo (RJ);100 anos ou mais;97;16;81;55;8;47;14;5;9;-;-;-;28;3;25;-;-;-
São João da Barra (RJ);Total;36573;17817;18756;20994;9997;10997;2568;1269;1299;7;3;4;12996;6543;6453;8;5;3
São João da Barra (RJ);0 a 4 anos;2074;1077;997;1240;643;597;82;34;48;1;-;1;751;400;351;-;-;-
São João da Barra (RJ);Menos de 1 ano;371;190;181;248;124;124;13;6;7;-;-;-;110;60;50;-;-;-
São João da Barra (RJ);Menos de 1 mês;18;9;9;12;4;8;-;-;-;-;-;-;6;5;1;-;-;-
São João da Barra (RJ);1 mês;36;26;10;24;17;7;1;-;1;-;-;-;11;9;2;-;-;-
São João da Barra (RJ);2 meses;23;10;13;17;6;11;1;1;-;-;-;-;5;3;2;-;-;-
São João da Barra (RJ);3 meses;37;13;24;28;10;18;2;1;1;-;-;-;7;2;5;-;-;-
São João da Barra (RJ);4 meses;28;9;19;18;7;11;2;-;2;-;-;-;8;2;6;-;-;-
São João da Barra (RJ);5 meses;44;26;18;32;18;14;2;1;1;-;-;-;10;7;3;-;-;-
São João da Barra (RJ);6 meses;29;19;10;17;10;7;1;1;-;-;-;-;11;8;3;-;-;-
São João da Barra (RJ);7 meses;36;15;21;22;10;12;-;-;-;-;-;-;14;5;9;-;-;-
São João da Barra (RJ);8 meses;27;18;9;19;14;5;1;1;-;-;-;-;7;3;4;-;-;-
São João da Barra (RJ);9 meses;35;13;22;22;9;13;1;-;1;-;-;-;12;4;8;-;-;-
São João da Barra (RJ);10 meses;27;16;11;18;9;9;2;1;1;-;-;-;7;6;1;-;-;-
São João da Barra (RJ);11 meses;31;16;15;19;10;9;-;-;-;-;-;-;12;6;6;-;-;-
São João da Barra (RJ);1 ano;352;200;152;222;121;101;11;3;8;-;-;-;119;76;43;-;-;-
São João da Barra (RJ);2 anos;415;210;205;240;122;118;19;8;11;-;-;-;156;80;76;-;-;-
São João da Barra (RJ);3 anos;426;221;205;246;130;116;18;10;8;1;-;1;161;81;80;-;-;-
São João da Barra (RJ);4 anos;510;256;254;284;146;138;21;7;14;-;-;-;205;103;102;-;-;-
São João da Barra (RJ);5 a 9 anos;2397;1198;1199;1314;650;664;142;78;64;-;-;-;941;470;471;-;-;-
São João da Barra (RJ);5 anos;423;219;204;237;116;121;24;20;4;-;-;-;162;83;79;-;-;-
São João da Barra (RJ);6 anos;465;221;244;244;118;126;20;12;8;-;-;-;201;91;110;-;-;-
São João da Barra (RJ);7 anos;481;244;237;277;141;136;24;13;11;-;-;-;180;90;90;-;-;-
São João da Barra (RJ);8 anos;498;242;256;273;131;142;42;17;25;-;-;-;183;94;89;-;-;-
São João da Barra (RJ);9 anos;530;272;258;283;144;139;32;16;16;-;-;-;215;112;103;-;-;-
São João da Barra (RJ);10 a 14 anos;2270;1138;1132;1214;603;611;142;68;74;-;-;-;914;467;447;-;-;-
São João da Barra (RJ);10 anos;442;220;222;247;125;122;26;13;13;-;-;-;169;82;87;-;-;-
São João da Barra (RJ);11 anos;429;217;212;221;107;114;28;11;17;-;-;-;180;99;81;-;-;-
São João da Barra (RJ);12 anos;480;252;228;250;137;113;27;15;12;-;-;-;203;100;103;-;-;-
São João da Barra (RJ);13 anos;471;216;255;250;115;135;32;15;17;-;-;-;189;86;103;-;-;-
São João da Barra (RJ);14 anos;448;233;215;246;119;127;29;14;15;-;-;-;173;100;73;-;-;-
São João da Barra (RJ);15 a 19 anos;2176;1094;1082;1188;573;615;148;71;77;-;-;-;840;450;390;-;-;-
São João da Barra (RJ);15 anos;454;244;210;262;137;125;24;12;12;-;-;-;168;95;73;-;-;-
São João da Barra (RJ);16 anos;426;197;229;227;95;132;27;11;16;-;-;-;172;91;81;-;-;-
São João da Barra (RJ);17 anos;456;245;211;239;122;117;32;17;15;-;-;-;185;106;79;-;-;-
São João da Barra (RJ);18 anos;442;226;216;239;123;116;36;16;20;-;-;-;167;87;80;-;-;-
São João da Barra (RJ);19 anos;398;182;216;221;96;125;29;15;14;-;-;-;148;71;77;-;-;-
São João da Barra (RJ);20 a 24 anos;2324;1167;1157;1269;605;664;180;96;84;1;-;1;874;466;408;-;-;-
São João da Barra (RJ);20 anos;454;226;228;247;116;131;28;12;16;-;-;-;179;98;81;-;-;-
São João da Barra (RJ);21 anos;425;217;208;224;110;114;37;20;17;1;-;1;163;87;76;-;-;-
São João da Barra (RJ);22 anos;520;249;271;295;133;162;39;22;17;-;-;-;186;94;92;-;-;-
São João da Barra (RJ);23 anos;471;244;227;261;127;134;34;20;14;-;-;-;176;97;79;-;-;-
São João da Barra (RJ);24 anos;454;231;223;242;119;123;42;22;20;-;-;-;170;90;80;-;-;-
São João da Barra (RJ);25 a 29 anos;2433;1142;1291;1372;632;740;191;97;94;1;1;-;868;412;456;1;-;1
São João da Barra (RJ);25 anos;494;232;262;303;134;169;34;18;16;-;-;-;156;80;76;1;-;1
São João da Barra (RJ);26 anos;494;220;274;269;121;148;41;21;20;-;-;-;184;78;106;-;-;-
São João da Barra (RJ);27 anos;496;237;259;272;124;148;40;22;18;1;1;-;183;90;93;-;-;-
São João da Barra (RJ);28 anos;490;222;268;276;124;152;33;15;18;-;-;-;181;83;98;-;-;-
São João da Barra (RJ);29 anos;459;231;228;252;129;123;43;21;22;-;-;-;164;81;83;-;-;-
São João da Barra (RJ);30 a 34 anos;2563;1244;1319;1488;720;768;192;88;104;-;-;-;883;436;447;-;-;-
São João da Barra (RJ);30 anos;560;272;288;321;152;169;43;20;23;-;-;-;196;100;96;-;-;-
São João da Barra (RJ);31 anos;441;218;223;249;128;121;30;10;20;-;-;-;162;80;82;-;-;-
São João da Barra (RJ);32 anos;559;261;298;329;152;177;40;13;27;-;-;-;190;96;94;-;-;-
São João da Barra (RJ);33 anos;511;243;268;295;140;155;46;24;22;-;-;-;170;79;91;-;-;-
São João da Barra (RJ);34 anos;492;250;242;294;148;146;33;21;12;-;-;-;165;81;84;-;-;-
São João da Barra (RJ);35 a 39 anos;2691;1268;1423;1487;693;794;194;99;95;-;-;-;1006;472;534;4;4;-
São João da Barra (RJ);35 anos;537;248;289;322;148;174;31;16;15;-;-;-;182;82;100;2;2;-
São João da Barra (RJ);36 anos;578;287;291;328;165;163;35;21;14;-;-;-;214;100;114;1;1;-
São João da Barra (RJ);37 anos;448;198;250;237;97;140;30;16;14;-;-;-;181;85;96;-;-;-
São João da Barra (RJ);38 anos;553;266;287;283;139;144;51;25;26;-;-;-;218;101;117;1;1;-
São João da Barra (RJ);39 anos;575;269;306;317;144;173;47;21;26;-;-;-;211;104;107;-;-;-
São João da Barra (RJ);40 a 44 anos;2900;1406;1494;1625;759;866;239;128;111;-;-;-;1035;519;516;1;-;1
São João da Barra (RJ);40 anos;689;334;355;373;173;200;59;28;31;-;-;-;257;133;124;-;-;-
São João da Barra (RJ);41 anos;532;251;281;299;139;160;43;24;19;-;-;-;190;88;102;-;-;-
São João da Barra (RJ);42 anos;649;304;345;366;168;198;57;29;28;-;-;-;225;107;118;1;-;1
São João da Barra (RJ);43 anos;557;286;271;341;165;176;33;17;16;-;-;-;183;104;79;-;-;-
São João da Barra (RJ);44 anos;473;231;242;246;114;132;47;30;17;-;-;-;180;87;93;-;-;-
São João da Barra (RJ);45 a 49 anos;2803;1384;1419;1568;751;817;247;122;125;-;-;-;988;511;477;-;-;-
São João da Barra (RJ);45 anos;693;343;350;384;190;194;61;25;36;-;-;-;248;128;120;-;-;-
São João da Barra (RJ);46 anos;567;289;278;297;143;154;52;27;25;-;-;-;218;119;99;-;-;-
São João da Barra (RJ);47 anos;517;251;266;296;144;152;37;20;17;-;-;-;184;87;97;-;-;-
São João da Barra (RJ);48 anos;513;262;251;290;145;145;46;22;24;-;-;-;177;95;82;-;-;-
São João da Barra (RJ);49 anos;513;239;274;301;129;172;51;28;23;-;-;-;161;82;79;-;-;-
São João da Barra (RJ);50 a 54 anos;2563;1258;1305;1450;700;750;206;94;112;-;-;-;907;464;443;-;-;-
São João da Barra (RJ);50 anos;555;266;289;333;154;179;48;21;27;-;-;-;174;91;83;-;-;-
São João da Barra (RJ);51 anos;454;214;240;248;118;130;41;23;18;-;-;-;165;73;92;-;-;-
São João da Barra (RJ);52 anos;636;336;300;350;182;168;48;23;25;-;-;-;238;131;107;-;-;-
São João da Barra (RJ);53 anos;485;217;268;269;120;149;43;11;32;-;-;-;173;86;87;-;-;-
São João da Barra (RJ);54 anos;433;225;208;250;126;124;26;16;10;-;-;-;157;83;74;-;-;-
São João da Barra (RJ);55 a 59 anos;2435;1188;1247;1454;697;757;164;91;73;-;-;-;817;400;417;-;-;-
São João da Barra (RJ);55 anos;519;265;254;308;158;150;41;25;16;-;-;-;170;82;88;-;-;-
São João da Barra (RJ);56 anos;489;250;239;282;143;139;32;20;12;-;-;-;175;87;88;-;-;-
São João da Barra (RJ);57 anos;460;214;246;298;135;163;21;11;10;-;-;-;141;68;73;-;-;-
São João da Barra (RJ);58 anos;511;250;261;304;152;152;39;16;23;-;-;-;168;82;86;-;-;-
São João da Barra (RJ);59 anos;456;209;247;262;109;153;31;19;12;-;-;-;163;81;82;-;-;-
São João da Barra (RJ);60 a 64 anos;2282;1087;1195;1375;644;731;154;71;83;1;-;1;750;371;379;2;1;1
São João da Barra (RJ);60 anos;544;268;276;331;162;169;34;17;17;-;-;-;178;89;89;1;-;1
São João da Barra (RJ);61 anos;433;200;233;251;112;139;31;14;17;-;-;-;151;74;77;-;-;-
São João da Barra (RJ);62 anos;497;237;260;320;150;170;31;17;14;1;-;1;145;70;75;-;-;-
São João da Barra (RJ);63 anos;453;206;247;266;119;147;36;16;20;-;-;-;150;70;80;1;1;-
São João da Barra (RJ);64 anos;355;176;179;207;101;106;22;7;15;-;-;-;126;68;58;-;-;-
São João da Barra (RJ);65 a 69 anos;1715;840;875;1021;487;534;128;60;68;2;1;1;564;292;272;-;-;-
São João da Barra (RJ);65 anos;451;226;225;288;137;151;31;14;17;-;-;-;132;75;57;-;-;-
São João da Barra (RJ);66 anos;316;165;151;177;93;84;25;13;12;1;1;-;113;58;55;-;-;-
São João da Barra (RJ);67 anos;357;174;183;215;107;108;30;16;14;-;-;-;112;51;61;-;-;-
São João da Barra (RJ);68 anos;305;160;145;187;91;96;20;10;10;-;-;-;98;59;39;-;-;-
São João da Barra (RJ);69 anos;286;115;171;154;59;95;22;7;15;1;-;1;109;49;60;-;-;-
São João da Barra (RJ);70 a 74 anos;1208;590;618;757;367;390;80;36;44;-;-;-;371;187;184;-;-;-
São João da Barra (RJ);70 anos;293;142;151;179;91;88;21;10;11;-;-;-;93;41;52;-;-;-
São João da Barra (RJ);71 anos;240;121;119;146;77;69;19;7;12;-;-;-;75;37;38;-;-;-
São João da Barra (RJ);72 anos;271;127;144;170;78;92;20;7;13;-;-;-;81;42;39;-;-;-
São João da Barra (RJ);73 anos;206;96;110;145;64;81;10;6;4;-;-;-;51;26;25;-;-;-
São João da Barra (RJ);74 anos;198;104;94;117;57;60;10;6;4;-;-;-;71;41;30;-;-;-
São João da Barra (RJ);75 a 79 anos;814;344;470;543;205;338;39;23;16;1;1;-;231;115;116;-;-;-
São João da Barra (RJ);75 anos;214;94;120;136;51;85;15;9;6;-;-;-;63;34;29;-;-;-
São João da Barra (RJ);76 anos;166;67;99;108;41;67;8;6;2;-;-;-;50;20;30;-;-;-
São João da Barra (RJ);77 anos;127;62;65;85;37;48;6;3;3;-;-;-;36;22;14;-;-;-
São João da Barra (RJ);78 anos;177;75;102;128;50;78;7;3;4;-;-;-;42;22;20;-;-;-
São João da Barra (RJ);79 anos;130;46;84;86;26;60;3;2;1;1;1;-;40;17;23;-;-;-
São João da Barra (RJ);80 a 84 anos;533;236;297;357;156;201;26;11;15;-;-;-;150;69;81;-;-;-
São João da Barra (RJ);80 anos;153;71;82;106;46;60;9;4;5;-;-;-;38;21;17;-;-;-
São João da Barra (RJ);81 anos;97;40;57;63;27;36;3;1;2;-;-;-;31;12;19;-;-;-
São João da Barra (RJ);82 anos;101;51;50;70;35;35;4;2;2;-;-;-;27;14;13;-;-;-
São João da Barra (RJ);83 anos;93;37;56;59;21;38;6;4;2;-;-;-;28;12;16;-;-;-
São João da Barra (RJ);84 anos;89;37;52;59;27;32;4;-;4;-;-;-;26;10;16;-;-;-
São João da Barra (RJ);85 a 89 anos;256;103;153;176;74;102;11;2;9;-;-;-;69;27;42;-;-;-
São João da Barra (RJ);85 anos;63;24;39;41;15;26;4;-;4;-;-;-;18;9;9;-;-;-
São João da Barra (RJ);86 anos;67;30;37;50;24;26;1;1;-;-;-;-;16;5;11;-;-;-
São João da Barra (RJ);87 anos;51;17;34;34;10;24;2;1;1;-;-;-;15;6;9;-;-;-
São João da Barra (RJ);88 anos;46;21;25;33;19;14;2;-;2;-;-;-;11;2;9;-;-;-
São João da Barra (RJ);89 anos;29;11;18;18;6;12;2;-;2;-;-;-;9;5;4;-;-;-
São João da Barra (RJ);90 a 94 anos;116;45;71;84;34;50;2;-;2;-;-;-;30;11;19;-;-;-
São João da Barra (RJ);90 anos;27;8;19;21;7;14;-;-;-;-;-;-;6;1;5;-;-;-
São João da Barra (RJ);91 anos;25;9;16;19;8;11;1;-;1;-;-;-;5;1;4;-;-;-
São João da Barra (RJ);92 anos;32;18;14;21;12;9;-;-;-;-;-;-;11;6;5;-;-;-
São João da Barra (RJ);93 anos;17;5;12;13;3;10;-;-;-;-;-;-;4;2;2;-;-;-
São João da Barra (RJ);94 anos;15;5;10;10;4;6;1;-;1;-;-;-;4;1;3;-;-;-
São João da Barra (RJ);95 a 99 anos;16;7;9;9;4;5;1;-;1;-;-;-;6;3;3;-;-;-
São João da Barra (RJ);95 anos;4;2;2;1;1;-;-;-;-;-;-;-;3;1;2;-;-;-
São João da Barra (RJ);96 anos;4;2;2;3;2;1;1;-;1;-;-;-;-;-;-;-;-;-
São João da Barra (RJ);97 anos;4;1;3;4;1;3;-;-;-;-;-;-;-;-;-;-;-;-
São João da Barra (RJ);98 anos;3;1;2;1;-;1;-;-;-;-;-;-;2;1;1;-;-;-
São João da Barra (RJ);99 anos;1;1;-;-;-;-;-;-;-;-;-;-;1;1;-;-;-;-
São João da Barra (RJ);100 anos ou mais;4;1;3;3;-;3;-;-;-;-;-;-;1;1;-;-;-;-
São João de Meriti (RJ);Total;440962;208571;232391;129089;58927;70162;84669;40229;44440;315;135;180;226641;109167;117474;234;105;129
São João de Meriti (RJ);0 a 4 anos;24463;12457;12006;8388;4156;4232;3646;1864;1782;11;6;5;12414;6430;5984;4;1;3
São João de Meriti (RJ);Menos de 1 ano;4014;2003;2011;1507;738;769;619;301;318;1;1;-;1886;963;923;1;-;1
São João de Meriti (RJ);Menos de 1 mês;251;133;118;97;53;44;37;19;18;-;-;-;117;61;56;-;-;-
São João de Meriti (RJ);1 mês;268;148;120;84;52;32;41;20;21;-;-;-;143;76;67;-;-;-
São João de Meriti (RJ);2 meses;328;168;160;119;62;57;53;27;26;-;-;-;156;79;77;-;-;-
São João de Meriti (RJ);3 meses;326;165;161;125;58;67;52;27;25;-;-;-;149;80;69;-;-;-
São João de Meriti (RJ);4 meses;350;181;169;143;70;73;48;23;25;-;-;-;159;88;71;-;-;-
São João de Meriti (RJ);5 meses;337;155;182;121;53;68;59;26;33;-;-;-;157;76;81;-;-;-
São João de Meriti (RJ);6 meses;406;200;206;167;72;95;49;28;21;-;-;-;190;100;90;-;-;-
São João de Meriti (RJ);7 meses;353;170;183;130;59;71;58;24;34;1;1;-;164;86;78;-;-;-
São João de Meriti (RJ);8 meses;344;174;170;123;64;59;47;22;25;-;-;-;174;88;86;-;-;-
São João de Meriti (RJ);9 meses;357;187;170;132;71;61;63;33;30;-;-;-;161;83;78;1;-;1
São João de Meriti (RJ);10 meses;339;164;175;133;67;66;41;20;21;-;-;-;165;77;88;-;-;-
São João de Meriti (RJ);11 meses;355;158;197;133;57;76;71;32;39;-;-;-;151;69;82;-;-;-
São João de Meriti (RJ);1 ano;4072;2075;1997;1511;763;748;593;295;298;2;-;2;1965;1017;948;1;-;1
São João de Meriti (RJ);2 anos;5227;2664;2563;1737;841;896;767;393;374;3;2;1;2720;1428;1292;-;-;-
São João de Meriti (RJ);3 anos;5504;2785;2719;1783;880;903;825;411;414;4;3;1;2891;1490;1401;1;1;-
São João de Meriti (RJ);4 anos;5646;2930;2716;1850;934;916;842;464;378;1;-;1;2952;1532;1420;1;-;1
São João de Meriti (RJ);5 a 9 anos;31704;16252;15452;9176;4626;4550;4998;2563;2435;31;17;14;17494;9043;8451;5;3;2
São João de Meriti (RJ);5 anos;6124;3137;2987;1821;914;907;921;447;474;8;4;4;3373;1771;1602;1;1;-
São João de Meriti (RJ);6 anos;6313;3135;3178;1933;947;986;1007;500;507;9;6;3;3362;1682;1680;2;-;2
São João de Meriti (RJ);7 anos;6405;3277;3128;1747;878;869;1027;550;477;7;4;3;3624;1845;1779;-;-;-
São João de Meriti (RJ);8 anos;6270;3267;3003;1728;897;831;996;529;467;5;1;4;3539;1838;1701;2;2;-
São João de Meriti (RJ);9 anos;6592;3436;3156;1947;990;957;1047;537;510;2;2;-;3596;1907;1689;-;-;-
São João de Meriti (RJ);10 a 14 anos;26998;13818;13180;7222;3650;3572;4640;2383;2257;11;5;6;15113;7774;7339;12;6;6
São João de Meriti (RJ);10 anos;5629;2918;2711;1533;781;752;921;487;434;3;2;1;3170;1646;1524;2;2;-
São João de Meriti (RJ);11 anos;5177;2716;2461;1382;745;637;906;476;430;3;3;-;2884;1491;1393;2;1;1
São João de Meriti (RJ);12 anos;5673;2861;2812;1489;749;740;944;458;486;2;-;2;3236;1653;1583;2;1;1
São João de Meriti (RJ);13 anos;5376;2715;2661;1472;707;765;949;502;447;-;-;-;2952;1506;1446;3;-;3
São João de Meriti (RJ);14 anos;5143;2608;2535;1346;668;678;920;460;460;3;-;3;2871;1478;1393;3;2;1
São João de Meriti (RJ);15 a 19 anos;29036;14837;14199;8024;3924;4100;5588;2887;2701;21;7;14;15393;8015;7378;9;3;6
São João de Meriti (RJ);15 anos;5672;2858;2814;1494;729;765;1009;507;502;3;1;2;3161;1618;1543;4;2;2
São João de Meriti (RJ);16 anos;5552;2850;2702;1580;792;788;1023;527;496;4;-;4;2945;1531;1414;-;-;-
São João de Meriti (RJ);17 anos;5734;2957;2777;1556;747;809;1148;606;542;3;2;1;3024;1601;1423;3;1;2
São João de Meriti (RJ);18 anos;6107;3183;2924;1669;811;858;1187;636;551;3;2;1;3247;1734;1513;1;-;1
São João de Meriti (RJ);19 anos;5971;2989;2982;1725;845;880;1221;611;610;8;2;6;3016;1531;1485;1;-;1
São João de Meriti (RJ);20 a 24 anos;32533;15823;16710;9060;4274;4786;6773;3412;3361;17;6;11;16669;8125;8544;14;6;8
São João de Meriti (RJ);20 anos;6247;3077;3170;1675;776;899;1265;624;641;2;-;2;3302;1675;1627;3;2;1
São João de Meriti (RJ);21 anos;6103;3006;3097;1739;845;894;1263;620;643;2;-;2;3094;1538;1556;5;3;2
São João de Meriti (RJ);22 anos;7180;3493;3687;2025;966;1059;1491;778;713;2;2;-;3662;1747;1915;-;-;-
São João de Meriti (RJ);23 anos;6642;3189;3453;1835;851;984;1396;710;686;6;2;4;3401;1625;1776;4;1;3
São João de Meriti (RJ);24 anos;6361;3058;3303;1786;836;950;1358;680;678;5;2;3;3210;1540;1670;2;-;2
São João de Meriti (RJ);25 a 29 anos;33945;16004;17941;9076;4124;4952;6764;3256;3508;19;5;14;18068;8608;9460;17;10;7
São João de Meriti (RJ);25 anos;7923;3670;4253;2087;945;1142;1472;690;782;3;1;2;4350;2027;2323;10;6;4
São João de Meriti (RJ);26 anos;6613;3122;3491;1831;839;992;1397;670;727;5;1;4;3377;1611;1766;3;1;2
São João de Meriti (RJ);27 anos;6636;3103;3533;1792;792;1000;1335;629;706;3;-;3;3504;1681;1823;2;1;1
São João de Meriti (RJ);28 anos;6802;3282;3520;1780;831;949;1350;677;673;6;2;4;3665;1771;1894;1;1;-
São João de Meriti (RJ);29 anos;5971;2827;3144;1586;717;869;1210;590;620;2;1;1;3172;1518;1654;1;1;-
São João de Meriti (RJ);30 a 34 anos;32453;15426;17027;8959;4082;4877;6542;3250;3292;29;18;11;16908;8066;8842;14;9;5
São João de Meriti (RJ);30 anos;7806;3694;4112;2036;949;1087;1509;739;770;3;1;2;4256;2004;2252;2;1;1
São João de Meriti (RJ);31 anos;5557;2715;2842;1523;717;806;1163;598;565;4;3;1;2865;1395;1470;2;2;-
São João de Meriti (RJ);32 anos;7017;3275;3742;1993;865;1128;1402;688;714;6;3;3;3612;1716;1896;3;2;1
São João de Meriti (RJ);33 anos;6206;2990;3216;1739;762;977;1236;648;588;9;6;3;3219;1572;1647;3;2;1
São João de Meriti (RJ);34 anos;5867;2752;3115;1668;789;879;1232;577;655;7;5;2;2956;1379;1577;4;2;2
São João de Meriti (RJ);35 a 39 anos;32921;15452;17469;9071;4083;4988;6546;3117;3429;24;12;12;17266;8234;9032;14;6;8
São João de Meriti (RJ);35 anos;7511;3540;3971;1991;900;1091;1481;743;738;7;3;4;4030;1894;2136;2;-;2
São João de Meriti (RJ);36 anos;6440;2952;3488;1919;851;1068;1268;614;654;5;3;2;3248;1484;1764;-;-;-
São João de Meriti (RJ);37 anos;5972;2815;3157;1590;701;889;1228;569;659;3;2;1;3144;1540;1604;7;3;4
São João de Meriti (RJ);38 anos;6616;3201;3415;1790;833;957;1253;589;664;5;2;3;3564;1774;1790;4;3;1
São João de Meriti (RJ);39 anos;6382;2944;3438;1781;798;983;1316;602;714;4;2;2;3280;1542;1738;1;-;1
São João de Meriti (RJ);40 a 44 anos;34021;16092;17929;9689;4333;5356;6809;3272;3537;35;11;24;17460;8464;8996;26;11;15
São João de Meriti (RJ);40 anos;8864;4220;4644;2388;1092;1296;1741;861;880;10;2;8;4719;2262;2457;6;3;3
São João de Meriti (RJ);41 anos;6061;2865;3196;1762;800;962;1265;602;663;7;3;4;3024;1459;1565;3;1;2
São João de Meriti (RJ);42 anos;7627;3666;3961;2177;977;1200;1445;700;745;6;3;3;3992;1986;2006;7;-;7
São João de Meriti (RJ);43 anos;6006;2833;3173;1749;750;999;1240;603;637;3;2;1;3005;1473;1532;7;4;3
São João de Meriti (RJ);44 anos;5463;2508;2955;1613;714;899;1118;506;612;9;1;8;2720;1284;1436;3;3;-
São João de Meriti (RJ);45 a 49 anos;29969;14179;15790;8443;3803;4640;5906;2876;3030;20;11;9;15585;7482;8103;15;7;8
São João de Meriti (RJ);45 anos;7289;3527;3762;1999;938;1061;1397;706;691;7;5;2;3880;1875;2005;6;3;3
São João de Meriti (RJ);46 anos;5532;2557;2975;1593;678;915;1199;590;609;6;2;4;2730;1286;1444;4;1;3
São João de Meriti (RJ);47 anos;5551;2681;2870;1545;719;826;1032;498;534;-;-;-;2971;1462;1509;3;2;1
São João de Meriti (RJ);48 anos;5942;2791;3151;1682;722;960;1137;559;578;3;1;2;3118;1508;1610;2;1;1
São João de Meriti (RJ);49 anos;5655;2623;3032;1624;746;878;1141;523;618;4;3;1;2886;1351;1535;-;-;-
São João de Meriti (RJ);50 a 54 anos;29563;13882;15681;8652;3911;4741;5871;2837;3034;21;6;15;14998;7116;7882;18;11;7
São João de Meriti (RJ);50 anos;7831;3681;4150;2206;996;1210;1526;744;782;7;3;4;4090;1936;2154;2;2;-
São João de Meriti (RJ);51 anos;5261;2478;2783;1579;709;870;1066;508;558;4;1;3;2609;1258;1351;3;2;1
São João de Meriti (RJ);52 anos;6101;2884;3217;1726;779;947;1252;637;615;2;1;1;3115;1465;1650;4;2;2
São João de Meriti (RJ);53 anos;5283;2458;2825;1650;757;893;1008;461;547;5;-;5;2615;1236;1379;5;4;1
São João de Meriti (RJ);54 anos;5087;2381;2706;1491;670;821;1019;487;532;3;1;2;2569;1221;1348;4;1;3
São João de Meriti (RJ);55 a 59 anos;27588;12677;14911;8215;3610;4605;5485;2509;2976;19;10;9;13842;6536;7306;25;11;14
São João de Meriti (RJ);55 anos;6068;2737;3331;1764;774;990;1198;540;658;3;2;1;3102;1420;1682;1;1;-
São João de Meriti (RJ);56 anos;5570;2474;3096;1681;733;948;1106;478;628;3;1;2;2773;1260;1513;7;2;5
São João de Meriti (RJ);57 anos;5304;2518;2786;1535;666;869;1087;517;570;4;2;2;2669;1329;1340;8;3;5
São João de Meriti (RJ);58 anos;5722;2674;3048;1723;767;956;1092;519;573;5;3;2;2898;1384;1514;3;1;2
São João de Meriti (RJ);59 anos;4924;2274;2650;1512;670;842;1002;455;547;4;2;2;2400;1143;1257;6;4;2
São João de Meriti (RJ);60 a 64 anos;25164;11383;13781;7515;3387;4128;5070;2238;2832;18;5;13;12546;5748;6798;13;3;10
São João de Meriti (RJ);60 anos;6398;2978;3420;1866;853;1013;1268;594;674;3;-;3;3256;1529;1727;3;-;3
São João de Meriti (RJ);61 anos;4494;1984;2510;1344;609;735;911;392;519;2;-;2;2235;983;1252;2;-;2
São João de Meriti (RJ);62 anos;5293;2430;2863;1576;703;873;1068;475;593;2;2;-;2644;1249;1395;3;1;2
São João de Meriti (RJ);63 anos;4626;2101;2525;1406;642;764;1007;449;558;4;-;4;2205;1008;1197;4;2;2
São João de Meriti (RJ);64 anos;4353;1890;2463;1323;580;743;816;328;488;7;3;4;2206;979;1227;1;-;1
São João de Meriti (RJ);65 a 69 anos;20410;8828;11582;6380;2681;3699;4022;1672;2350;17;7;10;9974;4461;5513;16;7;9
São João de Meriti (RJ);65 anos;5335;2334;3001;1701;731;970;1011;422;589;4;1;3;2614;1178;1436;5;2;3
São João de Meriti (RJ);66 anos;4060;1768;2292;1215;501;714;829;353;476;5;4;1;2006;906;1100;5;4;1
São João de Meriti (RJ);67 anos;3742;1613;2129;1186;515;671;731;292;439;1;-;1;1822;805;1017;2;1;1
São João de Meriti (RJ);68 anos;4043;1739;2304;1232;517;715;781;327;454;3;-;3;2024;895;1129;2;-;2
São João de Meriti (RJ);69 anos;3230;1374;1856;1046;417;629;670;278;392;4;2;2;1508;677;831;2;-;2
São João de Meriti (RJ);70 a 74 anos;13732;5706;8026;4916;2049;2867;2765;1053;1712;9;3;6;6030;2595;3435;12;6;6
São João de Meriti (RJ);70 anos;3794;1582;2212;1301;521;780;792;316;476;3;1;2;1698;744;954;-;-;-
São João de Meriti (RJ);71 anos;2640;1125;1515;933;400;533;561;216;345;2;1;1;1142;506;636;2;2;-
São João de Meriti (RJ);72 anos;2930;1246;1684;1055;453;602;546;218;328;3;1;2;1322;571;751;4;3;1
São João de Meriti (RJ);73 anos;2319;952;1367;864;351;513;470;163;307;1;-;1;980;438;542;4;-;4
São João de Meriti (RJ);74 anos;2049;801;1248;763;324;439;396;140;256;-;-;-;888;336;552;2;1;1
São João de Meriti (RJ);75 a 79 anos;7711;2960;4751;2828;1102;1726;1560;525;1035;4;2;2;3310;1328;1982;9;3;6
São João de Meriti (RJ);75 anos;1994;797;1197;704;295;409;372;126;246;2;1;1;914;374;540;2;1;1
São João de Meriti (RJ);76 anos;1739;670;1069;659;255;404;363;119;244;-;-;-;714;296;418;3;-;3
São João de Meriti (RJ);77 anos;1404;547;857;531;199;332;282;106;176;-;-;-;588;241;347;3;1;2
São João de Meriti (RJ);78 anos;1391;535;856;495;193;302;289;106;183;1;-;1;605;235;370;1;1;-
São João de Meriti (RJ);79 anos;1183;411;772;439;160;279;254;68;186;1;1;-;489;182;307;-;-;-
São João de Meriti (RJ);80 a 84 anos;4880;1639;3241;1956;646;1310;928;296;632;7;4;3;1983;692;1291;5;1;4
São João de Meriti (RJ);80 anos;1395;483;912;524;182;342;273;85;188;-;-;-;596;216;380;2;-;2
São João de Meriti (RJ);81 anos;874;299;575;354;129;225;168;46;122;3;3;-;349;121;228;-;-;-
São João de Meriti (RJ);82 anos;996;336;660;413;127;286;190;70;120;2;1;1;389;138;251;1;-;1
São João de Meriti (RJ);83 anos;863;265;598;351;98;253;157;51;106;1;-;1;353;116;237;1;-;1
São João de Meriti (RJ);84 anos;752;256;496;314;110;204;140;44;96;1;-;1;296;101;195;1;1;-
São João de Meriti (RJ);85 a 89 anos;2485;780;1705;1010;345;665;471;146;325;2;-;2;997;288;709;5;1;4
São João de Meriti (RJ);85 anos;679;232;447;280;107;173;135;37;98;-;-;-;261;87;174;3;1;2
São João de Meriti (RJ);86 anos;604;213;391;251;97;154;99;38;61;2;-;2;252;78;174;-;-;-
São João de Meriti (RJ);87 anos;463;124;339;186;55;131;83;27;56;-;-;-;194;42;152;-;-;-
São João de Meriti (RJ);88 anos;382;104;278;162;49;113;72;20;52;-;-;-;147;35;112;1;-;1
São João de Meriti (RJ);89 anos;357;107;250;131;37;94;82;24;58;-;-;-;143;46;97;1;-;1
São João de Meriti (RJ);90 a 94 anos;1074;295;779;387;110;277;226;59;167;-;-;-;460;126;334;1;-;1
São João de Meriti (RJ);90 anos;317;94;223;109;33;76;66;17;49;-;-;-;142;44;98;-;-;-
São João de Meriti (RJ);91 anos;259;79;180;97;21;76;53;23;30;-;-;-;109;35;74;-;-;-
São João de Meriti (RJ);92 anos;232;57;175;75;25;50;52;8;44;-;-;-;104;24;80;1;-;1
São João de Meriti (RJ);93 anos;159;41;118;63;20;43;35;7;28;-;-;-;61;14;47;-;-;-
São João de Meriti (RJ);94 anos;107;24;83;43;11;32;20;4;16;-;-;-;44;9;35;-;-;-
São João de Meriti (RJ);95 a 99 anos;270;64;206;110;24;86;49;11;38;-;-;-;111;29;82;-;-;-
São João de Meriti (RJ);95 anos;88;22;66;36;9;27;13;3;10;-;-;-;39;10;29;-;-;-
São João de Meriti (RJ);96 anos;81;20;61;33;7;26;16;4;12;-;-;-;32;9;23;-;-;-
São João de Meriti (RJ);97 anos;40;11;29;17;4;13;5;2;3;-;-;-;18;5;13;-;-;-
São João de Meriti (RJ);98 anos;31;3;28;12;1;11;8;-;8;-;-;-;11;2;9;-;-;-
São João de Meriti (RJ);99 anos;30;8;22;12;3;9;7;2;5;-;-;-;11;3;8;-;-;-
São João de Meriti (RJ);100 anos ou mais;42;17;25;12;7;5;10;3;7;-;-;-;20;7;13;-;-;-
São José de Ubá (RJ);Total;7070;3467;3603;2900;1378;1522;795;396;399;1;1;-;3374;1692;1682;-;-;-
São José de Ubá (RJ);0 a 4 anos;399;198;201;203;102;101;23;10;13;-;-;-;173;86;87;-;-;-
São José de Ubá (RJ);Menos de 1 ano;84;42;42;37;19;18;5;3;2;-;-;-;42;20;22;-;-;-
São José de Ubá (RJ);Menos de 1 mês;10;7;3;4;3;1;-;-;-;-;-;-;6;4;2;-;-;-
São José de Ubá (RJ);1 mês;10;5;5;1;1;-;2;2;-;-;-;-;7;2;5;-;-;-
São José de Ubá (RJ);2 meses;7;3;4;5;2;3;-;-;-;-;-;-;2;1;1;-;-;-
São José de Ubá (RJ);3 meses;8;3;5;3;1;2;-;-;-;-;-;-;5;2;3;-;-;-
São José de Ubá (RJ);4 meses;9;4;5;5;1;4;-;-;-;-;-;-;4;3;1;-;-;-
São José de Ubá (RJ);5 meses;9;5;4;6;4;2;1;-;1;-;-;-;2;1;1;-;-;-
São José de Ubá (RJ);6 meses;4;3;1;2;1;1;-;-;-;-;-;-;2;2;-;-;-;-
São José de Ubá (RJ);7 meses;8;2;6;3;1;2;1;-;1;-;-;-;4;1;3;-;-;-
São José de Ubá (RJ);8 meses;7;6;1;3;2;1;1;1;-;-;-;-;3;3;-;-;-;-
São José de Ubá (RJ);9 meses;4;2;2;2;1;1;-;-;-;-;-;-;2;1;1;-;-;-
São José de Ubá (RJ);10 meses;3;1;2;2;1;1;-;-;-;-;-;-;1;-;1;-;-;-
São José de Ubá (RJ);11 meses;5;1;4;1;1;-;-;-;-;-;-;-;4;-;4;-;-;-
São José de Ubá (RJ);1 ano;83;43;40;43;21;22;4;1;3;-;-;-;36;21;15;-;-;-
São José de Ubá (RJ);2 anos;72;39;33;37;20;17;4;3;1;-;-;-;31;16;15;-;-;-
São José de Ubá (RJ);3 anos;79;36;43;42;23;19;5;1;4;-;-;-;32;12;20;-;-;-
São José de Ubá (RJ);4 anos;81;38;43;44;19;25;5;2;3;-;-;-;32;17;15;-;-;-
São José de Ubá (RJ);5 a 9 anos;403;188;215;158;67;91;19;7;12;-;-;-;226;114;112;-;-;-
São José de Ubá (RJ);5 anos;63;38;25;16;9;7;3;1;2;-;-;-;44;28;16;-;-;-
São José de Ubá (RJ);6 anos;86;46;40;41;20;21;2;1;1;-;-;-;43;25;18;-;-;-
São José de Ubá (RJ);7 anos;90;36;54;42;17;25;4;1;3;-;-;-;44;18;26;-;-;-
São José de Ubá (RJ);8 anos;89;35;54;31;11;20;6;1;5;-;-;-;52;23;29;-;-;-
São José de Ubá (RJ);9 anos;75;33;42;28;10;18;4;3;1;-;-;-;43;20;23;-;-;-
São José de Ubá (RJ);10 a 14 anos;403;197;206;166;85;81;42;22;20;-;-;-;195;90;105;-;-;-
São José de Ubá (RJ);10 anos;88;45;43;35;17;18;7;5;2;-;-;-;46;23;23;-;-;-
São José de Ubá (RJ);11 anos;65;33;32;21;10;11;7;5;2;-;-;-;37;18;19;-;-;-
São José de Ubá (RJ);12 anos;98;46;52;42;21;21;12;5;7;-;-;-;44;20;24;-;-;-
São José de Ubá (RJ);13 anos;76;33;43;33;17;16;8;3;5;-;-;-;35;13;22;-;-;-
São José de Ubá (RJ);14 anos;76;40;36;35;20;15;8;4;4;-;-;-;33;16;17;-;-;-
São José de Ubá (RJ);15 a 19 anos;410;203;207;166;75;91;40;19;21;-;-;-;204;109;95;-;-;-
São José de Ubá (RJ);15 anos;78;44;34;31;19;12;9;4;5;-;-;-;38;21;17;-;-;-
São José de Ubá (RJ);16 anos;86;48;38;38;19;19;6;3;3;-;-;-;42;26;16;-;-;-
São José de Ubá (RJ);17 anos;88;36;52;30;8;22;14;6;8;-;-;-;44;22;22;-;-;-
São José de Ubá (RJ);18 anos;80;34;46;34;13;21;3;2;1;-;-;-;43;19;24;-;-;-
São José de Ubá (RJ);19 anos;78;41;37;33;16;17;8;4;4;-;-;-;37;21;16;-;-;-
São José de Ubá (RJ);20 a 24 anos;458;226;232;168;86;82;57;28;29;-;-;-;233;112;121;-;-;-
São José de Ubá (RJ);20 anos;89;40;49;32;15;17;12;5;7;-;-;-;45;20;25;-;-;-
São José de Ubá (RJ);21 anos;90;48;42;28;16;12;14;7;7;-;-;-;48;25;23;-;-;-
São José de Ubá (RJ);22 anos;92;50;42;40;22;18;8;5;3;-;-;-;44;23;21;-;-;-
São José de Ubá (RJ);23 anos;91;37;54;33;15;18;11;2;9;-;-;-;47;20;27;-;-;-
São José de Ubá (RJ);24 anos;96;51;45;35;18;17;12;9;3;-;-;-;49;24;25;-;-;-
São José de Ubá (RJ);25 a 29 anos;458;221;237;171;77;94;66;31;35;-;-;-;221;113;108;-;-;-
São José de Ubá (RJ);25 anos;91;49;42;37;19;18;11;5;6;-;-;-;43;25;18;-;-;-
São José de Ubá (RJ);26 anos;95;49;46;29;16;13;13;6;7;-;-;-;53;27;26;-;-;-
São José de Ubá (RJ);27 anos;98;41;57;39;15;24;18;7;11;-;-;-;41;19;22;-;-;-
São José de Ubá (RJ);28 anos;86;36;50;32;11;21;10;3;7;-;-;-;44;22;22;-;-;-
São José de Ubá (RJ);29 anos;88;46;42;34;16;18;14;10;4;-;-;-;40;20;20;-;-;-
São José de Ubá (RJ);30 a 34 anos;445;211;234;173;76;97;60;28;32;-;-;-;212;107;105;-;-;-
São José de Ubá (RJ);30 anos;92;43;49;35;12;23;16;8;8;-;-;-;41;23;18;-;-;-
São José de Ubá (RJ);31 anos;76;31;45;27;11;16;7;2;5;-;-;-;42;18;24;-;-;-
São José de Ubá (RJ);32 anos;99;38;61;40;13;27;17;9;8;-;-;-;42;16;26;-;-;-
São José de Ubá (RJ);33 anos;101;57;44;38;21;17;15;8;7;-;-;-;48;28;20;-;-;-
São José de Ubá (RJ);34 anos;77;42;35;33;19;14;5;1;4;-;-;-;39;22;17;-;-;-
São José de Ubá (RJ);35 a 39 anos;478;231;247;175;90;85;82;38;44;-;-;-;221;103;118;-;-;-
São José de Ubá (RJ);35 anos;88;42;46;31;16;15;20;8;12;-;-;-;37;18;19;-;-;-
São José de Ubá (RJ);36 anos;93;48;45;37;20;17;10;7;3;-;-;-;46;21;25;-;-;-
São José de Ubá (RJ);37 anos;96;43;53;28;13;15;15;6;9;-;-;-;53;24;29;-;-;-
São José de Ubá (RJ);38 anos;96;43;53;34;13;21;22;12;10;-;-;-;40;18;22;-;-;-
São José de Ubá (RJ);39 anos;105;55;50;45;28;17;15;5;10;-;-;-;45;22;23;-;-;-
São José de Ubá (RJ);40 a 44 anos;599;288;311;245;119;126;75;36;39;-;-;-;279;133;146;-;-;-
São José de Ubá (RJ);40 anos;126;65;61;49;24;25;11;8;3;-;-;-;66;33;33;-;-;-
São José de Ubá (RJ);41 anos;112;52;60;50;24;26;14;5;9;-;-;-;48;23;25;-;-;-
São José de Ubá (RJ);42 anos;125;61;64;52;22;30;13;10;3;-;-;-;60;29;31;-;-;-
São José de Ubá (RJ);43 anos;117;56;61;49;28;21;17;6;11;-;-;-;51;22;29;-;-;-
São José de Ubá (RJ);44 anos;119;54;65;45;21;24;20;7;13;-;-;-;54;26;28;-;-;-
São José de Ubá (RJ);45 a 49 anos;482;231;251;192;99;93;58;25;33;-;-;-;232;107;125;-;-;-
São José de Ubá (RJ);45 anos;101;54;47;35;17;18;13;7;6;-;-;-;53;30;23;-;-;-
São José de Ubá (RJ);46 anos;112;55;57;44;21;23;13;6;7;-;-;-;55;28;27;-;-;-
São José de Ubá (RJ);47 anos;92;42;50;36;20;16;9;3;6;-;-;-;47;19;28;-;-;-
São José de Ubá (RJ);48 anos;79;33;46;33;15;18;13;5;8;-;-;-;33;13;20;-;-;-
São José de Ubá (RJ);49 anos;98;47;51;44;26;18;10;4;6;-;-;-;44;17;27;-;-;-
São José de Ubá (RJ);50 a 54 anos;522;273;249;202;95;107;58;36;22;1;1;-;261;141;120;-;-;-
São José de Ubá (RJ);50 anos;120;58;62;54;19;35;10;7;3;-;-;-;56;32;24;-;-;-
São José de Ubá (RJ);51 anos;91;47;44;31;16;15;11;6;5;1;1;-;48;24;24;-;-;-
São José de Ubá (RJ);52 anos;91;50;41;24;13;11;8;5;3;-;-;-;59;32;27;-;-;-
São José de Ubá (RJ);53 anos;110;58;52;52;26;26;13;8;5;-;-;-;45;24;21;-;-;-
São José de Ubá (RJ);54 anos;110;60;50;41;21;20;16;10;6;-;-;-;53;29;24;-;-;-
São José de Ubá (RJ);55 a 59 anos;511;258;253;202;95;107;72;40;32;-;-;-;237;123;114;-;-;-
São José de Ubá (RJ);55 anos;101;49;52;40;19;21;19;10;9;-;-;-;42;20;22;-;-;-
São José de Ubá (RJ);56 anos;103;51;52;47;25;22;11;6;5;-;-;-;45;20;25;-;-;-
São José de Ubá (RJ);57 anos;103;51;52;40;17;23;15;9;6;-;-;-;48;25;23;-;-;-
São José de Ubá (RJ);58 anos;100;51;49;37;16;21;13;8;5;-;-;-;50;27;23;-;-;-
São José de Ubá (RJ);59 anos;104;56;48;38;18;20;14;7;7;-;-;-;52;31;21;-;-;-
São José de Ubá (RJ);60 a 64 anos;438;227;211;168;78;90;49;28;21;-;-;-;221;121;100;-;-;-
São José de Ubá (RJ);60 anos;103;52;51;42;18;24;7;3;4;-;-;-;54;31;23;-;-;-
São José de Ubá (RJ);61 anos;84;47;37;30;15;15;12;9;3;-;-;-;42;23;19;-;-;-
São José de Ubá (RJ);62 anos;76;43;33;34;15;19;8;5;3;-;-;-;34;23;11;-;-;-
São José de Ubá (RJ);63 anos;85;39;46;27;10;17;12;6;6;-;-;-;46;23;23;-;-;-
São José de Ubá (RJ);64 anos;90;46;44;35;20;15;10;5;5;-;-;-;45;21;24;-;-;-
São José de Ubá (RJ);65 a 69 anos;332;169;163;158;76;82;33;17;16;-;-;-;141;76;65;-;-;-
São José de Ubá (RJ);65 anos;72;41;31;35;20;15;11;5;6;-;-;-;26;16;10;-;-;-
São José de Ubá (RJ);66 anos;58;27;31;26;10;16;6;5;1;-;-;-;26;12;14;-;-;-
São José de Ubá (RJ);67 anos;76;40;36;30;17;13;11;6;5;-;-;-;35;17;18;-;-;-
São José de Ubá (RJ);68 anos;66;33;33;34;19;15;2;-;2;-;-;-;30;14;16;-;-;-
São José de Ubá (RJ);69 anos;60;28;32;33;10;23;3;1;2;-;-;-;24;17;7;-;-;-
São José de Ubá (RJ);70 a 74 anos;274;133;141;128;59;69;23;9;14;-;-;-;123;65;58;-;-;-
São José de Ubá (RJ);70 anos;59;26;33;26;10;16;6;2;4;-;-;-;27;14;13;-;-;-
São José de Ubá (RJ);71 anos;55;30;25;27;15;12;4;3;1;-;-;-;24;12;12;-;-;-
São José de Ubá (RJ);72 anos;59;29;30;28;12;16;4;1;3;-;-;-;27;16;11;-;-;-
São José de Ubá (RJ);73 anos;59;29;30;27;13;14;4;1;3;-;-;-;28;15;13;-;-;-
São José de Ubá (RJ);74 anos;42;19;23;20;9;11;5;2;3;-;-;-;17;8;9;-;-;-
São José de Ubá (RJ);75 a 79 anos;212;103;109;102;45;57;14;8;6;-;-;-;96;50;46;-;-;-
São José de Ubá (RJ);75 anos;51;29;22;23;9;14;1;-;1;-;-;-;27;20;7;-;-;-
São José de Ubá (RJ);76 anos;37;15;22;18;7;11;3;3;-;-;-;-;16;5;11;-;-;-
São José de Ubá (RJ);77 anos;39;20;19;21;9;12;3;2;1;-;-;-;15;9;6;-;-;-
São José de Ubá (RJ);78 anos;48;23;25;23;10;13;7;3;4;-;-;-;18;10;8;-;-;-
São José de Ubá (RJ);79 anos;37;16;21;17;10;7;-;-;-;-;-;-;20;6;14;-;-;-
São José de Ubá (RJ);80 a 84 anos;139;61;78;72;29;43;12;7;5;-;-;-;55;25;30;-;-;-
São José de Ubá (RJ);80 anos;36;15;21;17;8;9;3;1;2;-;-;-;16;6;10;-;-;-
São José de Ubá (RJ);81 anos;30;12;18;14;4;10;2;-;2;-;-;-;14;8;6;-;-;-
São José de Ubá (RJ);82 anos;25;9;16;14;4;10;4;4;-;-;-;-;7;1;6;-;-;-
São José de Ubá (RJ);83 anos;28;16;12;16;9;7;2;2;-;-;-;-;10;5;5;-;-;-
São José de Ubá (RJ);84 anos;20;9;11;11;4;7;1;-;1;-;-;-;8;5;3;-;-;-
São José de Ubá (RJ);85 a 89 anos;71;33;38;33;14;19;10;5;5;-;-;-;28;14;14;-;-;-
São José de Ubá (RJ);85 anos;19;9;10;9;5;4;3;1;2;-;-;-;7;3;4;-;-;-
São José de Ubá (RJ);86 anos;19;10;9;8;4;4;2;1;1;-;-;-;9;5;4;-;-;-
São José de Ubá (RJ);87 anos;14;6;8;7;1;6;3;1;2;-;-;-;4;4;-;-;-;-
São José de Ubá (RJ);88 anos;9;5;4;2;1;1;2;2;-;-;-;-;5;2;3;-;-;-
São José de Ubá (RJ);89 anos;10;3;7;7;3;4;-;-;-;-;-;-;3;-;3;-;-;-
São José de Ubá (RJ);90 a 94 anos;25;12;13;11;7;4;2;2;-;-;-;-;12;3;9;-;-;-
São José de Ubá (RJ);90 anos;2;-;2;1;-;1;-;-;-;-;-;-;1;-;1;-;-;-
São José de Ubá (RJ);91 anos;8;3;5;1;1;-;-;-;-;-;-;-;7;2;5;-;-;-
São José de Ubá (RJ);92 anos;3;1;2;2;1;1;-;-;-;-;-;-;1;-;1;-;-;-
São José de Ubá (RJ);93 anos;5;2;3;3;2;1;-;-;-;-;-;-;2;-;2;-;-;-
São José de Ubá (RJ);94 anos;7;6;1;4;3;1;2;2;-;-;-;-;1;1;-;-;-;-
São José de Ubá (RJ);95 a 99 anos;10;4;6;7;4;3;-;-;-;-;-;-;3;-;3;-;-;-
São José de Ubá (RJ);95 anos;1;-;1;1;-;1;-;-;-;-;-;-;-;-;-;-;-;-
São José de Ubá (RJ);96 anos;4;2;2;3;2;1;-;-;-;-;-;-;1;-;1;-;-;-
São José de Ubá (RJ);97 anos;2;-;2;1;-;1;-;-;-;-;-;-;1;-;1;-;-;-
São José de Ubá (RJ);98 anos;1;-;1;-;-;-;-;-;-;-;-;-;1;-;1;-;-;-
São José de Ubá (RJ);99 anos;2;2;-;2;2;-;-;-;-;-;-;-;-;-;-;-;-;-
São José de Ubá (RJ);100 anos ou mais;1;-;1;-;-;-;-;-;-;-;-;-;1;-;1;-;-;-
São José do Vale do Rio Preto (RJ);Total;22080;10887;11193;14205;6916;7289;2064;1051;1013;16;6;10;5773;2904;2869;22;10;12
São José do Vale do Rio Preto (RJ);0 a 4 anos;1493;754;739;967;499;468;102;49;53;-;-;-;424;206;218;-;-;-
São José do Vale do Rio Preto (RJ);Menos de 1 ano;298;151;147;191;102;89;13;8;5;-;-;-;94;41;53;-;-;-
São José do Vale do Rio Preto (RJ);Menos de 1 mês;24;15;9;17;10;7;1;1;-;-;-;-;6;4;2;-;-;-
São José do Vale do Rio Preto (RJ);1 mês;21;11;10;10;7;3;3;2;1;-;-;-;8;2;6;-;-;-
São José do Vale do Rio Preto (RJ);2 meses;29;14;15;14;10;4;3;1;2;-;-;-;12;3;9;-;-;-
São José do Vale do Rio Preto (RJ);3 meses;25;9;16;19;6;13;-;-;-;-;-;-;6;3;3;-;-;-
São José do Vale do Rio Preto (RJ);4 meses;24;16;8;17;10;7;-;-;-;-;-;-;7;6;1;-;-;-
São José do Vale do Rio Preto (RJ);5 meses;28;18;10;20;14;6;1;1;-;-;-;-;7;3;4;-;-;-
São José do Vale do Rio Preto (RJ);6 meses;30;17;13;16;11;5;1;-;1;-;-;-;13;6;7;-;-;-
São José do Vale do Rio Preto (RJ);7 meses;21;7;14;15;5;10;-;-;-;-;-;-;6;2;4;-;-;-
São José do Vale do Rio Preto (RJ);8 meses;22;10;12;14;8;6;1;-;1;-;-;-;7;2;5;-;-;-
São José do Vale do Rio Preto (RJ);9 meses;19;7;12;12;3;9;1;1;-;-;-;-;6;3;3;-;-;-
São José do Vale do Rio Preto (RJ);10 meses;29;15;14;21;10;11;2;2;-;-;-;-;6;3;3;-;-;-
São José do Vale do Rio Preto (RJ);11 meses;26;12;14;16;8;8;-;-;-;-;-;-;10;4;6;-;-;-
São José do Vale do Rio Preto (RJ);1 ano;272;123;149;182;88;94;15;8;7;-;-;-;75;27;48;-;-;-
São José do Vale do Rio Preto (RJ);2 anos;328;180;148;204;120;84;32;11;21;-;-;-;92;49;43;-;-;-
São José do Vale do Rio Preto (RJ);3 anos;293;156;137;179;91;88;23;14;9;-;-;-;91;51;40;-;-;-
São José do Vale do Rio Preto (RJ);4 anos;302;144;158;211;98;113;19;8;11;-;-;-;72;38;34;-;-;-
São José do Vale do Rio Preto (RJ);5 a 9 anos;1455;728;727;914;434;480;94;58;36;1;-;1;444;234;210;2;2;-
São José do Vale do Rio Preto (RJ);5 anos;297;144;153;202;94;108;15;7;8;-;-;-;80;43;37;-;-;-
São José do Vale do Rio Preto (RJ);6 anos;299;148;151;199;89;110;15;11;4;-;-;-;84;47;37;1;1;-
São José do Vale do Rio Preto (RJ);7 anos;285;146;139;167;81;86;24;17;7;-;-;-;93;47;46;1;1;-
São José do Vale do Rio Preto (RJ);8 anos;282;145;137;171;83;88;20;11;9;-;-;-;91;51;40;-;-;-
São José do Vale do Rio Preto (RJ);9 anos;292;145;147;175;87;88;20;12;8;1;-;1;96;46;50;-;-;-
São José do Vale do Rio Preto (RJ);10 a 14 anos;1315;683;632;771;391;380;119;68;51;-;-;-;424;223;201;1;1;-
São José do Vale do Rio Preto (RJ);10 anos;273;137;136;155;80;75;22;12;10;-;-;-;96;45;51;-;-;-
São José do Vale do Rio Preto (RJ);11 anos;276;139;137;174;85;89;24;13;11;-;-;-;78;41;37;-;-;-
São José do Vale do Rio Preto (RJ);12 anos;257;129;128;152;74;78;22;15;7;-;-;-;83;40;43;-;-;-
São José do Vale do Rio Preto (RJ);13 anos;278;139;139;143;69;74;27;12;15;-;-;-;108;58;50;-;-;-
São José do Vale do Rio Preto (RJ);14 anos;231;139;92;147;83;64;24;16;8;-;-;-;59;39;20;1;1;-
São José do Vale do Rio Preto (RJ);15 a 19 anos;1498;751;747;846;409;437;152;82;70;-;-;-;499;260;239;1;-;1
São José do Vale do Rio Preto (RJ);15 anos;310;139;171;178;73;105;28;15;13;-;-;-;104;51;53;-;-;-
São José do Vale do Rio Preto (RJ);16 anos;288;155;133;172;90;82;31;14;17;-;-;-;85;51;34;-;-;-
São José do Vale do Rio Preto (RJ);17 anos;279;137;142;156;79;77;28;15;13;-;-;-;94;43;51;1;-;1
São José do Vale do Rio Preto (RJ);18 anos;325;178;147;176;91;85;38;26;12;-;-;-;111;61;50;-;-;-
São José do Vale do Rio Preto (RJ);19 anos;296;142;154;164;76;88;27;12;15;-;-;-;105;54;51;-;-;-
São José do Vale do Rio Preto (RJ);20 a 24 anos;1693;838;855;1030;521;509;171;79;92;1;-;1;491;238;253;-;-;-
São José do Vale do Rio Preto (RJ);20 anos;304;157;147;192;103;89;30;20;10;1;-;1;81;34;47;-;-;-
São José do Vale do Rio Preto (RJ);21 anos;322;134;188;183;78;105;41;14;27;-;-;-;98;42;56;-;-;-
São José do Vale do Rio Preto (RJ);22 anos;333;167;166;206;111;95;29;9;20;-;-;-;98;47;51;-;-;-
São José do Vale do Rio Preto (RJ);23 anos;368;178;190;227;110;117;29;12;17;-;-;-;112;56;56;-;-;-
São José do Vale do Rio Preto (RJ);24 anos;366;202;164;222;119;103;42;24;18;-;-;-;102;59;43;-;-;-
São José do Vale do Rio Preto (RJ);25 a 29 anos;1756;896;860;1101;542;559;172;88;84;-;-;-;482;265;217;1;1;-
São José do Vale do Rio Preto (RJ);25 anos;368;194;174;214;110;104;38;21;17;-;-;-;115;62;53;1;1;-
São José do Vale do Rio Preto (RJ);26 anos;356;180;176;221;108;113;33;17;16;-;-;-;102;55;47;-;-;-
São José do Vale do Rio Preto (RJ);27 anos;376;197;179;234;119;115;35;17;18;-;-;-;107;61;46;-;-;-
São José do Vale do Rio Preto (RJ);28 anos;360;177;183;238;115;123;36;17;19;-;-;-;86;45;41;-;-;-
São José do Vale do Rio Preto (RJ);29 anos;296;148;148;194;90;104;30;16;14;-;-;-;72;42;30;-;-;-
São José do Vale do Rio Preto (RJ);30 a 34 anos;1661;812;849;1019;503;516;200;98;102;2;-;2;435;209;226;5;2;3
São José do Vale do Rio Preto (RJ);30 anos;379;198;181;238;122;116;50;23;27;-;-;-;90;52;38;1;1;-
São José do Vale do Rio Preto (RJ);31 anos;298;135;163;174;81;93;29;15;14;1;-;1;92;38;54;2;1;1
São José do Vale do Rio Preto (RJ);32 anos;329;149;180;198;94;104;36;19;17;-;-;-;94;36;58;1;-;1
São José do Vale do Rio Preto (RJ);33 anos;356;168;188;208;101;107;50;24;26;1;-;1;96;43;53;1;-;1
São José do Vale do Rio Preto (RJ);34 anos;299;162;137;201;105;96;35;17;18;-;-;-;63;40;23;-;-;-
São José do Vale do Rio Preto (RJ);35 a 39 anos;1528;752;776;962;473;489;169;82;87;1;-;1;395;196;199;1;1;-
São José do Vale do Rio Preto (RJ);35 anos;297;139;158;180;80;100;37;15;22;-;-;-;80;44;36;-;-;-
São José do Vale do Rio Preto (RJ);36 anos;319;171;148;206;114;92;36;19;17;-;-;-;76;37;39;1;1;-
São José do Vale do Rio Preto (RJ);37 anos;285;141;144;177;92;85;25;12;13;1;-;1;82;37;45;-;-;-
São José do Vale do Rio Preto (RJ);38 anos;286;138;148;170;85;85;37;17;20;-;-;-;79;36;43;-;-;-
São José do Vale do Rio Preto (RJ);39 anos;341;163;178;229;102;127;34;19;15;-;-;-;78;42;36;-;-;-
São José do Vale do Rio Preto (RJ);40 a 44 anos;1673;810;863;1064;520;544;183;92;91;2;2;-;420;195;225;4;1;3
São José do Vale do Rio Preto (RJ);40 anos;354;173;181;219;115;104;42;22;20;1;1;-;91;35;56;1;-;1
São José do Vale do Rio Preto (RJ);41 anos;310;150;160;197;96;101;35;16;19;-;-;-;78;38;40;-;-;-
São José do Vale do Rio Preto (RJ);42 anos;375;184;191;236;117;119;40;18;22;1;1;-;96;47;49;2;1;1
São José do Vale do Rio Preto (RJ);43 anos;318;153;165;212;100;112;31;16;15;-;-;-;75;37;38;-;-;-
São José do Vale do Rio Preto (RJ);44 anos;316;150;166;200;92;108;35;20;15;-;-;-;80;38;42;1;-;1
São José do Vale do Rio Preto (RJ);45 a 49 anos;1482;712;770;932;455;477;165;75;90;1;-;1;383;182;201;1;-;1
São José do Vale do Rio Preto (RJ);45 anos;322;154;168;205;99;106;35;18;17;1;-;1;81;37;44;-;-;-
São José do Vale do Rio Preto (RJ);46 anos;254;127;127;173;85;88;29;17;12;-;-;-;51;25;26;1;-;1
São José do Vale do Rio Preto (RJ);47 anos;309;151;158;205;106;99;31;13;18;-;-;-;73;32;41;-;-;-
São José do Vale do Rio Preto (RJ);48 anos;307;154;153;181;95;86;39;16;23;-;-;-;87;43;44;-;-;-
São José do Vale do Rio Preto (RJ);49 anos;290;126;164;168;70;98;31;11;20;-;-;-;91;45;46;-;-;-
São José do Vale do Rio Preto (RJ);50 a 54 anos;1555;788;767;1051;535;516;138;73;65;-;-;-;364;179;185;2;1;1
São José do Vale do Rio Preto (RJ);50 anos;319;171;148;205;110;95;37;17;20;-;-;-;76;43;33;1;1;-
São José do Vale do Rio Preto (RJ);51 anos;295;145;150;201;103;98;20;10;10;-;-;-;74;32;42;-;-;-
São José do Vale do Rio Preto (RJ);52 anos;328;171;157;210;113;97;30;17;13;-;-;-;88;41;47;-;-;-
São José do Vale do Rio Preto (RJ);53 anos;327;170;157;232;115;117;25;14;11;-;-;-;70;41;29;-;-;-
São José do Vale do Rio Preto (RJ);54 anos;286;131;155;203;94;109;26;15;11;-;-;-;56;22;34;1;-;1
São José do Vale do Rio Preto (RJ);55 a 59 anos;1428;713;715;1008;487;521;126;66;60;-;-;-;293;159;134;1;1;-
São José do Vale do Rio Preto (RJ);55 anos;284;131;153;197;88;109;23;12;11;-;-;-;64;31;33;-;-;-
São José do Vale do Rio Preto (RJ);56 anos;280;151;129;195;104;91;29;16;13;-;-;-;56;31;25;-;-;-
São José do Vale do Rio Preto (RJ);57 anos;273;140;133;199;92;107;22;12;10;-;-;-;52;36;16;-;-;-
São José do Vale do Rio Preto (RJ);58 anos;326;152;174;237;113;124;32;12;20;-;-;-;56;26;30;1;1;-
São José do Vale do Rio Preto (RJ);59 anos;265;139;126;180;90;90;20;14;6;-;-;-;65;35;30;-;-;-
São José do Vale do Rio Preto (RJ);60 a 64 anos;1127;525;602;788;363;425;85;41;44;1;-;1;253;121;132;-;-;-
São José do Vale do Rio Preto (RJ);60 anos;253;108;145;185;73;112;21;9;12;-;-;-;47;26;21;-;-;-
São José do Vale do Rio Preto (RJ);61 anos;216;111;105;148;75;73;12;7;5;-;-;-;56;29;27;-;-;-
São José do Vale do Rio Preto (RJ);62 anos;249;116;133;173;81;92;21;10;11;-;-;-;55;25;30;-;-;-
São José do Vale do Rio Preto (RJ);63 anos;206;103;103;140;70;70;17;11;6;1;-;1;48;22;26;-;-;-
São José do Vale do Rio Preto (RJ);64 anos;203;87;116;142;64;78;14;4;10;-;-;-;47;19;28;-;-;-
São José do Vale do Rio Preto (RJ);65 a 69 anos;925;464;461;650;312;338;87;51;36;-;-;-;186;101;85;2;-;2
São José do Vale do Rio Preto (RJ);65 anos;208;101;107;160;72;88;15;11;4;-;-;-;33;18;15;-;-;-
São José do Vale do Rio Preto (RJ);66 anos;196;98;98;134;64;70;19;8;11;-;-;-;42;26;16;1;-;1
São José do Vale do Rio Preto (RJ);67 anos;180;97;83;127;67;60;17;12;5;-;-;-;36;18;18;-;-;-
São José do Vale do Rio Preto (RJ);68 anos;181;84;97;111;50;61;20;11;9;-;-;-;49;23;26;1;-;1
São José do Vale do Rio Preto (RJ);69 anos;160;84;76;118;59;59;16;9;7;-;-;-;26;16;10;-;-;-
São José do Vale do Rio Preto (RJ);70 a 74 anos;699;347;352;496;236;260;56;30;26;1;1;-;145;80;65;1;-;1
São José do Vale do Rio Preto (RJ);70 anos;174;91;83;116;57;59;12;6;6;1;1;-;45;27;18;-;-;-
São José do Vale do Rio Preto (RJ);71 anos;144;69;75;101;46;55;15;7;8;-;-;-;27;16;11;1;-;1
São José do Vale do Rio Preto (RJ);72 anos;140;61;79;106;46;60;5;3;2;-;-;-;29;12;17;-;-;-
São José do Vale do Rio Preto (RJ);73 anos;115;64;51;83;44;39;14;10;4;-;-;-;18;10;8;-;-;-
São José do Vale do Rio Preto (RJ);74 anos;126;62;64;90;43;47;10;4;6;-;-;-;26;15;11;-;-;-
São José do Vale do Rio Preto (RJ);75 a 79 anos;372;152;220;285;112;173;22;9;13;3;1;2;62;30;32;-;-;-
São José do Vale do Rio Preto (RJ);75 anos;93;38;55;71;28;43;5;-;5;-;-;-;17;10;7;-;-;-
São José do Vale do Rio Preto (RJ);76 anos;84;36;48;66;26;40;3;2;1;-;-;-;15;8;7;-;-;-
São José do Vale do Rio Preto (RJ);77 anos;78;32;46;60;25;35;3;1;2;1;1;-;14;5;9;-;-;-
São José do Vale do Rio Preto (RJ);78 anos;61;23;38;42;12;30;7;6;1;2;-;2;10;5;5;-;-;-
São José do Vale do Rio Preto (RJ);79 anos;56;23;33;46;21;25;4;-;4;-;-;-;6;2;4;-;-;-
São José do Vale do Rio Preto (RJ);80 a 84 anos;259;113;146;191;84;107;15;6;9;2;2;-;51;21;30;-;-;-
São José do Vale do Rio Preto (RJ);80 anos;64;24;40;46;17;29;3;2;1;-;-;-;15;5;10;-;-;-
São José do Vale do Rio Preto (RJ);81 anos;69;31;38;56;28;28;3;-;3;-;-;-;10;3;7;-;-;-
São José do Vale do Rio Preto (RJ);82 anos;54;24;30;38;16;22;6;2;4;2;2;-;8;4;4;-;-;-
São José do Vale do Rio Preto (RJ);83 anos;38;20;18;26;13;13;-;-;-;-;-;-;12;7;5;-;-;-
São José do Vale do Rio Preto (RJ);84 anos;34;14;20;25;10;15;3;2;1;-;-;-;6;2;4;-;-;-
São José do Vale do Rio Preto (RJ);85 a 89 anos;109;30;79;93;25;68;5;3;2;1;-;1;10;2;8;-;-;-
São José do Vale do Rio Preto (RJ);85 anos;29;9;20;24;6;18;1;1;-;-;-;-;4;2;2;-;-;-
São José do Vale do Rio Preto (RJ);86 anos;23;8;15;21;8;13;-;-;-;1;-;1;1;-;1;-;-;-
São José do Vale do Rio Preto (RJ);87 anos;16;6;10;14;6;8;-;-;-;-;-;-;2;-;2;-;-;-
São José do Vale do Rio Preto (RJ);88 anos;24;3;21;19;2;17;3;1;2;-;-;-;2;-;2;-;-;-
São José do Vale do Rio Preto (RJ);89 anos;17;4;13;15;3;12;1;1;-;-;-;-;1;-;1;-;-;-
São José do Vale do Rio Preto (RJ);90 a 94 anos;44;14;30;31;11;20;3;1;2;-;-;-;10;2;8;-;-;-
São José do Vale do Rio Preto (RJ);90 anos;7;3;4;6;3;3;1;-;1;-;-;-;-;-;-;-;-;-
São José do Vale do Rio Preto (RJ);91 anos;13;5;8;10;4;6;1;1;-;-;-;-;2;-;2;-;-;-
São José do Vale do Rio Preto (RJ);92 anos;7;2;5;3;1;2;1;-;1;-;-;-;3;1;2;-;-;-
São José do Vale do Rio Preto (RJ);93 anos;11;2;9;8;2;6;-;-;-;-;-;-;3;-;3;-;-;-
São José do Vale do Rio Preto (RJ);94 anos;6;2;4;4;1;3;-;-;-;-;-;-;2;1;1;-;-;-
São José do Vale do Rio Preto (RJ);95 a 99 anos;7;5;2;6;4;2;-;-;-;-;-;-;1;1;-;-;-;-
São José do Vale do Rio Preto (RJ);95 anos;2;1;1;2;1;1;-;-;-;-;-;-;-;-;-;-;-;-
São José do Vale do Rio Preto (RJ);96 anos;2;1;1;1;-;1;-;-;-;-;-;-;1;1;-;-;-;-
São José do Vale do Rio Preto (RJ);97 anos;2;2;-;2;2;-;-;-;-;-;-;-;-;-;-;-;-;-
São José do Vale do Rio Preto (RJ);98 anos;1;1;-;1;1;-;-;-;-;-;-;-;-;-;-;-;-;-
São José do Vale do Rio Preto (RJ);99 anos;-;-;-;-;-;-;-;-;-;-;-;-;-;-;-;-;-;-
São José do Vale do Rio Preto (RJ);100 anos ou mais;1;-;1;-;-;-;-;-;-;-;-;-;1;-;1;-;-;-
São Pedro da Aldeia (RJ);Total;104029;50381;53648;44306;20604;23702;14056;6990;7066;50;19;31;45468;22700;22768;148;67;81
São Pedro da Aldeia (RJ);0 a 4 anos;6563;3297;3266;3148;1580;1568;592;299;293;2;-;2;2820;1418;1402;1;-;1
São Pedro da Aldeia (RJ);Menos de 1 ano;1170;572;598;571;292;279;92;49;43;1;-;1;506;231;275;-;-;-
São Pedro da Aldeia (RJ);Menos de 1 mês;81;40;41;49;26;23;5;4;1;-;-;-;27;10;17;-;-;-
São Pedro da Aldeia (RJ);1 mês;103;46;57;52;27;25;8;4;4;1;-;1;42;15;27;-;-;-
São Pedro da Aldeia (RJ);2 meses;81;37;44;36;17;19;8;3;5;-;-;-;37;17;20;-;-;-
São Pedro da Aldeia (RJ);3 meses;96;42;54;46;19;27;3;1;2;-;-;-;47;22;25;-;-;-
São Pedro da Aldeia (RJ);4 meses;104;50;54;50;27;23;3;3;-;-;-;-;51;20;31;-;-;-
São Pedro da Aldeia (RJ);5 meses;106;45;61;45;23;22;12;6;6;-;-;-;49;16;33;-;-;-
São Pedro da Aldeia (RJ);6 meses;99;50;49;47;24;23;10;5;5;-;-;-;42;21;21;-;-;-
São Pedro da Aldeia (RJ);7 meses;105;56;49;47;27;20;13;6;7;-;-;-;45;23;22;-;-;-
São Pedro da Aldeia (RJ);8 meses;97;55;42;46;29;17;8;4;4;-;-;-;43;22;21;-;-;-
São Pedro da Aldeia (RJ);9 meses;96;43;53;51;23;28;4;-;4;-;-;-;41;20;21;-;-;-
São Pedro da Aldeia (RJ);10 meses;100;57;43;46;27;19;6;4;2;-;-;-;48;26;22;-;-;-
São Pedro da Aldeia (RJ);11 meses;102;51;51;56;23;33;12;9;3;-;-;-;34;19;15;-;-;-
São Pedro da Aldeia (RJ);1 ano;1204;570;634;597;297;300;118;43;75;-;-;-;489;230;259;-;-;-
São Pedro da Aldeia (RJ);2 anos;1357;686;671;646;332;314;127;62;65;-;-;-;583;292;291;1;-;1
São Pedro da Aldeia (RJ);3 anos;1453;758;695;690;354;336;127;72;55;-;-;-;636;332;304;-;-;-
São Pedro da Aldeia (RJ);4 anos;1379;711;668;644;305;339;128;73;55;1;-;1;606;333;273;-;-;-
São Pedro da Aldeia (RJ);5 a 9 anos;7063;3608;3455;2977;1507;1470;712;372;340;3;1;2;3364;1723;1641;7;5;2
São Pedro da Aldeia (RJ);5 anos;1359;720;639;581;297;284;129;72;57;-;-;-;648;351;297;1;-;1
São Pedro da Aldeia (RJ);6 anos;1459;717;742;634;311;323;150;76;74;-;-;-;673;328;345;2;2;-
São Pedro da Aldeia (RJ);7 anos;1425;718;707;574;287;287;146;68;78;1;1;-;703;361;342;1;1;-
São Pedro da Aldeia (RJ);8 anos;1406;711;695;609;321;288;142;75;67;-;-;-;655;315;340;-;-;-
São Pedro da Aldeia (RJ);9 anos;1414;742;672;579;291;288;145;81;64;2;-;2;685;368;317;3;2;1
São Pedro da Aldeia (RJ);10 a 14 anos;6723;3507;3216;2682;1341;1341;771;409;362;1;-;1;3261;1753;1508;8;4;4
São Pedro da Aldeia (RJ);10 anos;1410;739;671;587;295;292;157;87;70;-;-;-;664;356;308;2;1;1
São Pedro da Aldeia (RJ);11 anos;1351;714;637;538;270;268;129;62;67;-;-;-;683;382;301;1;-;1
São Pedro da Aldeia (RJ);12 anos;1425;747;678;570;274;296;169;107;62;1;-;1;684;366;318;1;-;1
São Pedro da Aldeia (RJ);13 anos;1274;639;635;489;239;250;157;72;85;-;-;-;625;326;299;3;2;1
São Pedro da Aldeia (RJ);14 anos;1263;668;595;498;263;235;159;81;78;-;-;-;605;323;282;1;1;-
São Pedro da Aldeia (RJ);15 a 19 anos;6907;3533;3374;2735;1388;1347;917;480;437;6;5;1;3242;1656;1586;7;4;3
São Pedro da Aldeia (RJ);15 anos;1406;739;667;552;289;263;174;105;69;1;1;-;677;343;334;2;1;1
São Pedro da Aldeia (RJ);16 anos;1371;736;635;561;314;247;168;83;85;1;-;1;641;339;302;-;-;-
São Pedro da Aldeia (RJ);17 anos;1428;700;728;550;256;294;180;101;79;3;3;-;693;339;354;2;1;1
São Pedro da Aldeia (RJ);18 anos;1384;692;692;567;275;292;187;97;90;-;-;-;629;319;310;1;1;-
São Pedro da Aldeia (RJ);19 anos;1318;666;652;505;254;251;208;94;114;1;1;-;602;316;286;2;1;1
São Pedro da Aldeia (RJ);20 a 24 anos;7186;3551;3635;2754;1333;1421;1120;572;548;2;1;1;3301;1642;1659;9;3;6
São Pedro da Aldeia (RJ);20 anos;1335;669;666;500;239;261;216;117;99;-;-;-;617;312;305;2;1;1
São Pedro da Aldeia (RJ);21 anos;1391;659;732;555;256;299;192;94;98;1;1;-;640;307;333;3;1;2
São Pedro da Aldeia (RJ);22 anos;1574;834;740;591;308;283;261;148;113;-;-;-;721;378;343;1;-;1
São Pedro da Aldeia (RJ);23 anos;1422;676;746;539;266;273;213;93;120;-;-;-;670;317;353;-;-;-
São Pedro da Aldeia (RJ);24 anos;1464;713;751;569;264;305;238;120;118;1;-;1;653;328;325;3;1;2
São Pedro da Aldeia (RJ);25 a 29 anos;7226;3445;3781;2790;1270;1520;1188;577;611;6;2;4;3226;1588;1638;16;8;8
São Pedro da Aldeia (RJ);25 anos;1489;718;771;564;271;293;219;109;110;-;-;-;702;336;366;4;2;2
São Pedro da Aldeia (RJ);26 anos;1400;650;750;543;246;297;249;121;128;-;-;-;607;282;325;1;1;-
São Pedro da Aldeia (RJ);27 anos;1511;713;798;612;273;339;249;112;137;2;-;2;648;328;320;-;-;-
São Pedro da Aldeia (RJ);28 anos;1495;721;774;537;246;291;273;130;143;3;1;2;678;342;336;4;2;2
São Pedro da Aldeia (RJ);29 anos;1331;643;688;534;234;300;198;105;93;1;1;-;591;300;291;7;3;4
São Pedro da Aldeia (RJ);30 a 34 anos;7164;3427;3737;2855;1310;1545;1144;569;575;2;-;2;3152;1540;1612;11;8;3
São Pedro da Aldeia (RJ);30 anos;1551;777;774;610;290;320;264;149;115;1;-;1;672;336;336;4;2;2
São Pedro da Aldeia (RJ);31 anos;1270;608;662;503;231;272;183;80;103;-;-;-;582;295;287;2;2;-
São Pedro da Aldeia (RJ);32 anos;1516;716;800;599;271;328;231;120;111;-;-;-;683;322;361;3;3;-
São Pedro da Aldeia (RJ);33 anos;1422;675;747;556;264;292;247;112;135;-;-;-;618;298;320;1;1;-
São Pedro da Aldeia (RJ);34 anos;1405;651;754;587;254;333;219;108;111;1;-;1;597;289;308;1;-;1
São Pedro da Aldeia (RJ);35 a 39 anos;7932;3682;4250;3204;1402;1802;1149;600;549;8;1;7;3560;1674;1886;11;5;6
São Pedro da Aldeia (RJ);35 anos;1604;741;863;627;278;349;227;119;108;1;-;1;749;344;405;-;-;-
São Pedro da Aldeia (RJ);36 anos;1589;728;861;686;317;369;225;114;111;1;-;1;676;297;379;1;-;1
São Pedro da Aldeia (RJ);37 anos;1590;750;840;611;250;361;221;113;108;1;-;1;755;387;368;2;-;2
São Pedro da Aldeia (RJ);38 anos;1585;715;870;651;277;374;257;129;128;2;1;1;672;307;365;3;1;2
São Pedro da Aldeia (RJ);39 anos;1564;748;816;629;280;349;219;125;94;3;-;3;708;339;369;5;4;1
São Pedro da Aldeia (RJ);40 a 44 anos;8924;4307;4617;3626;1675;1951;1297;630;667;5;2;3;3985;1997;1988;11;3;8
São Pedro da Aldeia (RJ);40 anos;1997;941;1056;817;363;454;293;136;157;-;-;-;883;440;443;4;2;2
São Pedro da Aldeia (RJ);41 anos;1710;837;873;702;334;368;248;121;127;1;1;-;756;381;375;3;-;3
São Pedro da Aldeia (RJ);42 anos;2030;985;1045;841;408;433;304;141;163;1;-;1;882;435;447;2;1;1
São Pedro da Aldeia (RJ);43 anos;1658;787;871;667;302;365;232;113;119;2;-;2;756;372;384;1;-;1
São Pedro da Aldeia (RJ);44 anos;1529;757;772;599;268;331;220;119;101;1;1;-;708;369;339;1;-;1
São Pedro da Aldeia (RJ);45 a 49 anos;7384;3512;3872;3041;1355;1686;1103;533;570;4;1;3;3226;1618;1608;10;5;5
São Pedro da Aldeia (RJ);45 anos;1753;866;887;706;333;373;266;127;139;1;-;1;779;406;373;1;-;1
São Pedro da Aldeia (RJ);46 anos;1471;681;790;625;276;349;221;92;129;1;-;1;623;312;311;1;1;-
São Pedro da Aldeia (RJ);47 anos;1392;671;721;581;251;330;211;113;98;-;-;-;596;307;289;4;-;4
São Pedro da Aldeia (RJ);48 anos;1405;668;737;587;264;323;209;105;104;1;-;1;607;298;309;1;1;-
São Pedro da Aldeia (RJ);49 anos;1363;626;737;542;231;311;196;96;100;1;1;-;621;295;326;3;3;-
São Pedro da Aldeia (RJ);50 a 54 anos;7203;3609;3594;3052;1431;1621;1051;544;507;4;3;1;3087;1629;1458;9;2;7
São Pedro da Aldeia (RJ);50 anos;1739;839;900;708;321;387;262;132;130;2;1;1;766;385;381;1;-;1
São Pedro da Aldeia (RJ);51 anos;1336;708;628;567;302;265;197;104;93;-;-;-;570;301;269;2;1;1
São Pedro da Aldeia (RJ);52 anos;1437;725;712;626;286;340;225;124;101;-;-;-;585;315;270;1;-;1
São Pedro da Aldeia (RJ);53 anos;1407;685;722;572;261;311;198;103;95;1;1;-;633;320;313;3;-;3
São Pedro da Aldeia (RJ);54 anos;1284;652;632;579;261;318;169;81;88;1;1;-;533;308;225;2;1;1
São Pedro da Aldeia (RJ);55 a 59 anos;6431;3044;3387;2869;1278;1591;915;458;457;1;1;-;2631;1300;1331;15;7;8
São Pedro da Aldeia (RJ);55 anos;1384;650;734;603;278;325;204;94;110;-;-;-;576;277;299;1;1;-
São Pedro da Aldeia (RJ);56 anos;1269;616;653;577;257;320;191;101;90;-;-;-;498;257;241;3;1;2
São Pedro da Aldeia (RJ);57 anos;1305;630;675;565;246;319;186;107;79;-;-;-;548;274;274;6;3;3
São Pedro da Aldeia (RJ);58 anos;1296;598;698;573;248;325;188;87;101;-;-;-;532;262;270;3;1;2
São Pedro da Aldeia (RJ);59 anos;1177;550;627;551;249;302;146;69;77;1;1;-;477;230;247;2;1;1
São Pedro da Aldeia (RJ);60 a 64 anos;5594;2618;2976;2529;1121;1408;729;346;383;2;-;2;2325;1146;1179;9;5;4
São Pedro da Aldeia (RJ);60 anos;1259;617;642;564;258;306;163;88;75;1;-;1;527;270;257;4;1;3
São Pedro da Aldeia (RJ);61 anos;1089;532;557;497;227;270;123;60;63;1;-;1;465;243;222;3;2;1
São Pedro da Aldeia (RJ);62 anos;1200;553;647;538;237;301;171;77;94;-;-;-;491;239;252;-;-;-
São Pedro da Aldeia (RJ);63 anos;1028;475;553;438;192;246;142;65;77;-;-;-;446;216;230;2;2;-
São Pedro da Aldeia (RJ);64 anos;1018;441;577;492;207;285;130;56;74;-;-;-;396;178;218;-;-;-
São Pedro da Aldeia (RJ);65 a 69 anos;4508;2034;2474;2172;955;1217;547;260;287;1;-;1;1780;816;964;7;2;5
São Pedro da Aldeia (RJ);65 anos;1059;492;567;495;216;279;120;60;60;-;-;-;443;216;227;1;-;1
São Pedro da Aldeia (RJ);66 anos;934;435;499;458;210;248;115;66;49;-;-;-;360;159;201;1;-;1
São Pedro da Aldeia (RJ);67 anos;911;388;523;444;192;252;110;37;73;-;-;-;354;158;196;2;-;2
São Pedro da Aldeia (RJ);68 anos;865;373;492;413;177;236;102;47;55;1;-;1;347;147;200;2;2;-
São Pedro da Aldeia (RJ);69 anos;739;346;393;362;160;202;100;50;50;-;-;-;276;136;140;1;-;1
São Pedro da Aldeia (RJ);70 a 74 anos;3228;1526;1702;1673;771;902;382;172;210;2;1;1;1167;580;587;4;2;2
São Pedro da Aldeia (RJ);70 anos;799;377;422;415;189;226;110;50;60;2;1;1;272;137;135;-;-;-
São Pedro da Aldeia (RJ);71 anos;630;295;335;324;146;178;63;27;36;-;-;-;242;122;120;1;-;1
São Pedro da Aldeia (RJ);72 anos;685;343;342;354;183;171;90;42;48;-;-;-;241;118;123;-;-;-
São Pedro da Aldeia (RJ);73 anos;605;265;340;306;131;175;66;28;38;-;-;-;233;106;127;-;-;-
São Pedro da Aldeia (RJ);74 anos;509;246;263;274;122;152;53;25;28;-;-;-;179;97;82;3;2;1
São Pedro da Aldeia (RJ);75 a 79 anos;1980;868;1112;1090;439;651;202;96;106;1;1;-;683;332;351;4;-;4
São Pedro da Aldeia (RJ);75 anos;482;212;270;260;102;158;42;19;23;-;-;-;179;91;88;1;-;1
São Pedro da Aldeia (RJ);76 anos;433;183;250;228;87;141;50;24;26;-;-;-;154;72;82;1;-;1
São Pedro da Aldeia (RJ);77 anos;377;156;221;221;82;139;32;18;14;-;-;-;122;56;66;2;-;2
São Pedro da Aldeia (RJ);78 anos;318;145;173;160;69;91;36;17;19;-;-;-;122;59;63;-;-;-
São Pedro da Aldeia (RJ);79 anos;370;172;198;221;99;122;42;18;24;1;1;-;106;54;52;-;-;-
São Pedro da Aldeia (RJ);80 a 84 anos;1166;519;647;640;286;354;135;43;92;-;-;-;384;186;198;7;4;3
São Pedro da Aldeia (RJ);80 anos;336;149;187;184;84;100;45;14;31;-;-;-;104;49;55;3;2;1
São Pedro da Aldeia (RJ);81 anos;231;92;139;128;55;73;29;6;23;-;-;-;73;31;42;1;-;1
São Pedro da Aldeia (RJ);82 anos;245;125;120;136;64;72;26;13;13;-;-;-;81;47;34;2;1;1
São Pedro da Aldeia (RJ);83 anos;191;83;108;97;42;55;22;6;16;-;-;-;71;34;37;1;1;-
São Pedro da Aldeia (RJ);84 anos;163;70;93;95;41;54;13;4;9;-;-;-;55;25;30;-;-;-
São Pedro da Aldeia (RJ);85 a 89 anos;569;190;379;326;110;216;63;17;46;-;-;-;178;63;115;2;-;2
São Pedro da Aldeia (RJ);85 anos;147;61;86;84;37;47;19;7;12;-;-;-;44;17;27;-;-;-
São Pedro da Aldeia (RJ);86 anos;128;33;95;69;15;54;21;5;16;-;-;-;37;13;24;1;-;1
São Pedro da Aldeia (RJ);87 anos;119;41;78;62;21;41;8;3;5;-;-;-;48;17;31;1;-;1
São Pedro da Aldeia (RJ);88 anos;91;33;58;57;21;36;10;2;8;-;-;-;24;10;14;-;-;-
São Pedro da Aldeia (RJ);89 anos;84;22;62;54;16;38;5;-;5;-;-;-;25;6;19;-;-;-
São Pedro da Aldeia (RJ);90 a 94 anos;213;74;139;107;38;69;29;10;19;-;-;-;77;26;51;-;-;-
São Pedro da Aldeia (RJ);90 anos;57;18;39;28;7;21;9;3;6;-;-;-;20;8;12;-;-;-
São Pedro da Aldeia (RJ);91 anos;51;21;30;22;8;14;10;5;5;-;-;-;19;8;11;-;-;-
São Pedro da Aldeia (RJ);92 anos;44;18;26;26;13;13;5;-;5;-;-;-;13;5;8;-;-;-
São Pedro da Aldeia (RJ);93 anos;32;8;24;16;6;10;2;-;2;-;-;-;14;2;12;-;-;-
São Pedro da Aldeia (RJ);94 anos;29;9;20;15;4;11;3;2;1;-;-;-;11;3;8;-;-;-
São Pedro da Aldeia (RJ);95 a 99 anos;53;28;25;29;13;16;6;3;3;-;-;-;18;12;6;-;-;-
São Pedro da Aldeia (RJ);95 anos;18;9;9;11;4;7;1;1;-;-;-;-;6;4;2;-;-;-
São Pedro da Aldeia (RJ);96 anos;14;8;6;7;5;2;2;1;1;-;-;-;5;2;3;-;-;-
São Pedro da Aldeia (RJ);97 anos;7;5;2;3;1;2;1;1;-;-;-;-;3;3;-;-;-;-
São Pedro da Aldeia (RJ);98 anos;8;3;5;5;1;4;-;-;-;-;-;-;3;2;1;-;-;-
São Pedro da Aldeia (RJ);99 anos;6;3;3;3;2;1;2;-;2;-;-;-;1;1;-;-;-;-
São Pedro da Aldeia (RJ);100 anos ou mais;12;2;10;7;1;6;4;-;4;-;-;-;1;1;-;-;-;-
São Sebastião do Alto (RJ);Total;7750;3820;3930;3993;1942;2051;1478;731;747;2;-;2;2277;1147;1130;-;-;-
São Sebastião do Alto (RJ);0 a 4 anos;455;238;217;211;108;103;64;36;28;1;-;1;179;94;85;-;-;-
São Sebastião do Alto (RJ);Menos de 1 ano;80;41;39;37;17;20;10;7;3;-;-;-;33;17;16;-;-;-
São Sebastião do Alto (RJ);Menos de 1 mês;7;5;2;2;2;-;2;1;1;-;-;-;3;2;1;-;-;-
São Sebastião do Alto (RJ);1 mês;8;2;6;2;-;2;1;1;-;-;-;-;5;1;4;-;-;-
São Sebastião do Alto (RJ);2 meses;9;3;6;7;2;5;-;-;-;-;-;-;2;1;1;-;-;-
São Sebastião do Alto (RJ);3 meses;7;5;2;5;3;2;-;-;-;-;-;-;2;2;-;-;-;-
São Sebastião do Alto (RJ);4 meses;4;2;2;3;2;1;-;-;-;-;-;-;1;-;1;-;-;-
São Sebastião do Alto (RJ);5 meses;5;3;2;2;1;1;1;1;-;-;-;-;2;1;1;-;-;-
São Sebastião do Alto (RJ);6 meses;8;3;5;3;-;3;-;-;-;-;-;-;5;3;2;-;-;-
São Sebastião do Alto (RJ);7 meses;3;-;3;2;-;2;-;-;-;-;-;-;1;-;1;-;-;-
São Sebastião do Alto (RJ);8 meses;7;6;1;2;2;-;2;2;-;-;-;-;3;2;1;-;-;-
São Sebastião do Alto (RJ);9 meses;9;5;4;4;2;2;2;1;1;-;-;-;3;2;1;-;-;-
São Sebastião do Alto (RJ);10 meses;11;5;6;4;2;2;2;1;1;-;-;-;5;2;3;-;-;-
São Sebastião do Alto (RJ);11 meses;2;2;-;1;1;-;-;-;-;-;-;-;1;1;-;-;-;-
São Sebastião do Alto (RJ);1 ano;83;44;39;40;20;20;12;6;6;-;-;-;31;18;13;-;-;-
São Sebastião do Alto (RJ);2 anos;97;51;46;58;27;31;12;7;5;-;-;-;27;17;10;-;-;-
São Sebastião do Alto (RJ);3 anos;93;48;45;39;23;16;14;6;8;1;-;1;39;19;20;-;-;-
São Sebastião do Alto (RJ);4 anos;102;54;48;37;21;16;16;10;6;-;-;-;49;23;26;-;-;-
São Sebastião do Alto (RJ);5 a 9 anos;473;254;219;227;112;115;78;36;42;-;-;-;168;106;62;-;-;-
São Sebastião do Alto (RJ);5 anos;78;42;36;35;18;17;17;7;10;-;-;-;26;17;9;-;-;-
São Sebastião do Alto (RJ);6 anos;108;57;51;49;24;25;13;9;4;-;-;-;46;24;22;-;-;-
São Sebastião do Alto (RJ);7 anos;90;47;43;43;21;22;16;7;9;-;-;-;31;19;12;-;-;-
São Sebastião do Alto (RJ);8 anos;95;49;46;44;19;25;15;3;12;-;-;-;36;27;9;-;-;-
São Sebastião do Alto (RJ);9 anos;102;59;43;56;30;26;17;10;7;-;-;-;29;19;10;-;-;-
São Sebastião do Alto (RJ);10 a 14 anos;476;229;247;229;114;115;69;31;38;-;-;-;178;84;94;-;-;-
São Sebastião do Alto (RJ);10 anos;105;58;47;57;31;26;6;6;-;-;-;-;42;21;21;-;-;-
São Sebastião do Alto (RJ);11 anos;86;43;43;43;25;18;13;5;8;-;-;-;30;13;17;-;-;-
São Sebastião do Alto (RJ);12 anos;100;47;53;50;21;29;13;5;8;-;-;-;37;21;16;-;-;-
São Sebastião do Alto (RJ);13 anos;101;41;60;45;18;27;19;5;14;-;-;-;37;18;19;-;-;-
São Sebastião do Alto (RJ);14 anos;84;40;44;34;19;15;18;10;8;-;-;-;32;11;21;-;-;-
São Sebastião do Alto (RJ);15 a 19 anos;447;225;222;209;99;110;86;42;44;1;-;1;151;84;67;-;-;-
São Sebastião do Alto (RJ);15 anos;85;43;42;40;20;20;19;8;11;-;-;-;26;15;11;-;-;-
São Sebastião do Alto (RJ);16 anos;97;46;51;43;18;25;18;8;10;1;-;1;35;20;15;-;-;-
São Sebastião do Alto (RJ);17 anos;93;52;41;42;20;22;15;8;7;-;-;-;36;24;12;-;-;-
São Sebastião do Alto (RJ);18 anos;87;44;43;49;27;22;14;7;7;-;-;-;24;10;14;-;-;-
São Sebastião do Alto (RJ);19 anos;85;40;45;35;14;21;20;11;9;-;-;-;30;15;15;-;-;-
São Sebastião do Alto (RJ);20 a 24 anos;432;206;226;201;102;99;105;51;54;-;-;-;126;53;73;-;-;-
São Sebastião do Alto (RJ);20 anos;74;33;41;37;19;18;15;6;9;-;-;-;22;8;14;-;-;-
São Sebastião do Alto (RJ);21 anos;88;37;51;35;16;19;24;9;15;-;-;-;29;12;17;-;-;-
São Sebastião do Alto (RJ);22 anos;95;45;50;50;21;29;19;14;5;-;-;-;26;10;16;-;-;-
São Sebastião do Alto (RJ);23 anos;104;59;45;44;25;19;32;18;14;-;-;-;28;16;12;-;-;-
São Sebastião do Alto (RJ);24 anos;71;32;39;35;21;14;15;4;11;-;-;-;21;7;14;-;-;-
São Sebastião do Alto (RJ);25 a 29 anos;492;251;241;229;120;109;118;59;59;-;-;-;145;72;73;-;-;-
São Sebastião do Alto (RJ);25 anos;98;50;48;48;24;24;19;7;12;-;-;-;31;19;12;-;-;-
São Sebastião do Alto (RJ);26 anos;107;59;48;49;28;21;28;18;10;-;-;-;30;13;17;-;-;-
São Sebastião do Alto (RJ);27 anos;102;49;53;53;24;29;19;11;8;-;-;-;30;14;16;-;-;-
São Sebastião do Alto (RJ);28 anos;101;48;53;39;22;17;32;13;19;-;-;-;30;13;17;-;-;-
São Sebastião do Alto (RJ);29 anos;84;45;39;40;22;18;20;10;10;-;-;-;24;13;11;-;-;-
São Sebastião do Alto (RJ);30 a 34 anos;485;237;248;248;122;126;97;50;47;-;-;-;140;65;75;-;-;-
São Sebastião do Alto (RJ);30 anos;107;59;48;54;32;22;22;13;9;-;-;-;31;14;17;-;-;-
São Sebastião do Alto (RJ);31 anos;80;35;45;40;14;26;20;10;10;-;-;-;20;11;9;-;-;-
São Sebastião do Alto (RJ);32 anos;83;38;45;48;25;23;16;6;10;-;-;-;19;7;12;-;-;-
São Sebastião do Alto (RJ);33 anos;110;55;55;50;23;27;19;10;9;-;-;-;41;22;19;-;-;-
São Sebastião do Alto (RJ);34 anos;105;50;55;56;28;28;20;11;9;-;-;-;29;11;18;-;-;-
São Sebastião do Alto (RJ);35 a 39 anos;498;236;262;239;116;123;91;43;48;-;-;-;168;77;91;-;-;-
São Sebastião do Alto (RJ);35 anos;115;44;71;54;18;36;19;9;10;-;-;-;42;17;25;-;-;-
São Sebastião do Alto (RJ);36 anos;107;55;52;49;25;24;20;14;6;-;-;-;38;16;22;-;-;-
São Sebastião do Alto (RJ);37 anos;85;39;46;36;15;21;17;9;8;-;-;-;32;15;17;-;-;-
São Sebastião do Alto (RJ);38 anos;90;46;44;52;28;24;13;3;10;-;-;-;25;15;10;-;-;-
São Sebastião do Alto (RJ);39 anos;101;52;49;48;30;18;22;8;14;-;-;-;31;14;17;-;-;-
São Sebastião do Alto (RJ);40 a 44 anos;593;286;307;290;144;146;138;66;72;-;-;-;165;76;89;-;-;-
São Sebastião do Alto (RJ);40 anos;125;56;69;62;27;35;30;14;16;-;-;-;33;15;18;-;-;-
São Sebastião do Alto (RJ);41 anos;115;56;59;60;34;26;22;6;16;-;-;-;33;16;17;-;-;-
São Sebastião do Alto (RJ);42 anos;133;74;59;63;33;30;28;16;12;-;-;-;42;25;17;-;-;-
São Sebastião do Alto (RJ);43 anos;102;46;56;41;15;26;31;18;13;-;-;-;30;13;17;-;-;-
São Sebastião do Alto (RJ);44 anos;118;54;64;64;35;29;27;12;15;-;-;-;27;7;20;-;-;-
São Sebastião do Alto (RJ);45 a 49 anos;527;274;253;267;135;132;134;69;65;-;-;-;126;70;56;-;-;-
São Sebastião do Alto (RJ);45 anos;118;63;55;54;28;26;38;21;17;-;-;-;26;14;12;-;-;-
São Sebastião do Alto (RJ);46 anos;91;46;45;44;20;24;26;15;11;-;-;-;21;11;10;-;-;-
São Sebastião do Alto (RJ);47 anos;100;51;49;56;29;27;25;12;13;-;-;-;19;10;9;-;-;-
São Sebastião do Alto (RJ);48 anos;109;52;57;49;24;25;30;15;15;-;-;-;30;13;17;-;-;-
São Sebastião do Alto (RJ);49 anos;109;62;47;64;34;30;15;6;9;-;-;-;30;22;8;-;-;-
São Sebastião do Alto (RJ);50 a 54 anos;571;286;285;310;156;154;115;60;55;-;-;-;146;70;76;-;-;-
São Sebastião do Alto (RJ);50 anos;112;68;44;68;44;24;19;13;6;-;-;-;25;11;14;-;-;-
São Sebastião do Alto (RJ);51 anos;121;54;67;67;26;41;25;14;11;-;-;-;29;14;15;-;-;-
São Sebastião do Alto (RJ);52 anos;116;56;60;62;31;31;23;12;11;-;-;-;31;13;18;-;-;-
São Sebastião do Alto (RJ);53 anos;96;47;49;48;21;27;24;13;11;-;-;-;24;13;11;-;-;-
São Sebastião do Alto (RJ);54 anos;126;61;65;65;34;31;24;8;16;-;-;-;37;19;18;-;-;-
São Sebastião do Alto (RJ);55 a 59 anos;591;289;302;331;153;178;105;54;51;-;-;-;155;82;73;-;-;-
São Sebastião do Alto (RJ);55 anos;131;69;62;71;32;39;30;17;13;-;-;-;30;20;10;-;-;-
São Sebastião do Alto (RJ);56 anos;121;53;68;72;34;38;25;10;15;-;-;-;24;9;15;-;-;-
São Sebastião do Alto (RJ);57 anos;113;55;58;55;26;29;16;8;8;-;-;-;42;21;21;-;-;-
São Sebastião do Alto (RJ);58 anos;122;67;55;72;38;34;16;10;6;-;-;-;34;19;15;-;-;-
São Sebastião do Alto (RJ);59 anos;104;45;59;61;23;38;18;9;9;-;-;-;25;13;12;-;-;-
São Sebastião do Alto (RJ);60 a 64 anos;515;238;277;279;125;154;90;46;44;-;-;-;146;67;79;-;-;-
São Sebastião do Alto (RJ);60 anos;125;57;68;59;23;36;26;12;14;-;-;-;40;22;18;-;-;-
São Sebastião do Alto (RJ);61 anos;102;42;60;49;20;29;18;8;10;-;-;-;35;14;21;-;-;-
São Sebastião do Alto (RJ);62 anos;94;41;53;49;23;26;15;8;7;-;-;-;30;10;20;-;-;-
São Sebastião do Alto (RJ);63 anos;95;42;53;64;25;39;16;8;8;-;-;-;15;9;6;-;-;-
São Sebastião do Alto (RJ);64 anos;99;56;43;58;34;24;15;10;5;-;-;-;26;12;14;-;-;-
São Sebastião do Alto (RJ);65 a 69 anos;422;210;212;248;126;122;72;34;38;-;-;-;102;50;52;-;-;-
São Sebastião do Alto (RJ);65 anos;100;55;45;60;33;27;12;7;5;-;-;-;28;15;13;-;-;-
São Sebastião do Alto (RJ);66 anos;92;49;43;57;32;25;17;9;8;-;-;-;18;8;10;-;-;-
São Sebastião do Alto (RJ);67 anos;79;38;41;47;17;30;11;8;3;-;-;-;21;13;8;-;-;-
São Sebastião do Alto (RJ);68 anos;75;35;40;40;21;19;14;5;9;-;-;-;21;9;12;-;-;-
São Sebastião do Alto (RJ);69 anos;76;33;43;44;23;21;18;5;13;-;-;-;14;5;9;-;-;-
São Sebastião do Alto (RJ);70 a 74 anos;290;155;135;171;81;90;46;27;19;-;-;-;73;47;26;-;-;-
São Sebastião do Alto (RJ);70 anos;60;35;25;30;16;14;20;13;7;-;-;-;10;6;4;-;-;-
São Sebastião do Alto (RJ);71 anos;72;45;27;42;27;15;6;4;2;-;-;-;24;14;10;-;-;-
São Sebastião do Alto (RJ);72 anos;58;25;33;33;10;23;8;3;5;-;-;-;17;12;5;-;-;-
São Sebastião do Alto (RJ);73 anos;37;16;21;26;8;18;2;1;1;-;-;-;9;7;2;-;-;-
São Sebastião do Alto (RJ);74 anos;63;34;29;40;20;20;10;6;4;-;-;-;13;8;5;-;-;-
São Sebastião do Alto (RJ);75 a 79 anos;207;81;126;132;51;81;28;7;21;-;-;-;47;23;24;-;-;-
São Sebastião do Alto (RJ);75 anos;49;16;33;28;10;18;8;-;8;-;-;-;13;6;7;-;-;-
São Sebastião do Alto (RJ);76 anos;49;17;32;33;12;21;8;1;7;-;-;-;8;4;4;-;-;-
São Sebastião do Alto (RJ);77 anos;26;11;15;16;7;9;3;1;2;-;-;-;7;3;4;-;-;-
São Sebastião do Alto (RJ);78 anos;47;22;25;27;11;16;6;4;2;-;-;-;14;7;7;-;-;-
São Sebastião do Alto (RJ);79 anos;36;15;21;28;11;17;3;1;2;-;-;-;5;3;2;-;-;-
São Sebastião do Alto (RJ);80 a 84 anos;148;75;73;97;51;46;21;11;10;-;-;-;30;13;17;-;-;-
São Sebastião do Alto (RJ);80 anos;38;20;18;24;13;11;6;2;4;-;-;-;8;5;3;-;-;-
São Sebastião do Alto (RJ);81 anos;28;16;12;23;14;9;1;-;1;-;-;-;4;2;2;-;-;-
São Sebastião do Alto (RJ);82 anos;36;17;19;23;10;13;6;5;1;-;-;-;7;2;5;-;-;-
São Sebastião do Alto (RJ);83 anos;25;11;14;14;7;7;5;2;3;-;-;-;6;2;4;-;-;-
São Sebastião do Alto (RJ);84 anos;21;11;10;13;7;6;3;2;1;-;-;-;5;2;3;-;-;-
São Sebastião do Alto (RJ);85 a 89 anos;88;39;49;51;20;31;13;7;6;-;-;-;24;12;12;-;-;-
São Sebastião do Alto (RJ);85 anos;22;12;10;12;4;8;4;3;1;-;-;-;6;5;1;-;-;-
São Sebastião do Alto (RJ);86 anos;21;8;13;14;5;9;3;1;2;-;-;-;4;2;2;-;-;-
São Sebastião do Alto (RJ);87 anos;11;6;5;7;4;3;1;1;-;-;-;-;3;1;2;-;-;-
São Sebastião do Alto (RJ);88 anos;19;7;12;10;3;7;4;2;2;-;-;-;5;2;3;-;-;-
São Sebastião do Alto (RJ);89 anos;15;6;9;8;4;4;1;-;1;-;-;-;6;2;4;-;-;-
São Sebastião do Alto (RJ);90 a 94 anos;31;8;23;20;5;15;4;1;3;-;-;-;7;2;5;-;-;-
São Sebastião do Alto (RJ);90 anos;14;3;11;9;1;8;1;-;1;-;-;-;4;2;2;-;-;-
São Sebastião do Alto (RJ);91 anos;6;-;6;4;-;4;1;-;1;-;-;-;1;-;1;-;-;-
São Sebastião do Alto (RJ);92 anos;5;1;4;3;1;2;1;-;1;-;-;-;1;-;1;-;-;-
São Sebastião do Alto (RJ);93 anos;4;3;1;3;2;1;1;1;-;-;-;-;-;-;-;-;-;-
São Sebastião do Alto (RJ);94 anos;2;1;1;1;1;-;-;-;-;-;-;-;1;-;1;-;-;-
São Sebastião do Alto (RJ);95 a 99 anos;7;3;4;3;2;1;3;1;2;-;-;-;1;-;1;-;-;-
São Sebastião do Alto (RJ);95 anos;5;3;2;3;2;1;2;1;1;-;-;-;-;-;-;-;-;-
São Sebastião do Alto (RJ);96 anos;1;-;1;-;-;-;-;-;-;-;-;-;1;-;1;-;-;-
São Sebastião do Alto (RJ);97 anos;-;-;-;-;-;-;-;-;-;-;-;-;-;-;-;-;-;-
São Sebastião do Alto (RJ);98 anos;1;-;1;-;-;-;1;-;1;-;-;-;-;-;-;-;-;-
São Sebastião do Alto (RJ);99 anos;-;-;-;-;-;-;-;-;-;-;-;-;-;-;-;-;-;-
São Sebastião do Alto (RJ);100 anos ou mais;2;-;2;1;-;1;1;-;1;-;-;-;-;-;-;-;-;-
Sapucaia (RJ);Total;17729;8715;9014;8617;4187;4430;2886;1406;1480;24;14;10;6196;3104;3092;6;4;2
Sapucaia (RJ);0 a 4 anos;968;475;493;462;210;252;118;57;61;-;-;-;388;208;180;-;-;-
Sapucaia (RJ);Menos de 1 ano;191;102;89;97;50;47;26;11;15;-;-;-;68;41;27;-;-;-
Sapucaia (RJ);Menos de 1 mês;15;7;8;12;6;6;1;-;1;-;-;-;2;1;1;-;-;-
Sapucaia (RJ);1 mês;19;8;11;12;4;8;3;1;2;-;-;-;4;3;1;-;-;-
Sapucaia (RJ);2 meses;22;10;12;8;4;4;5;1;4;-;-;-;9;5;4;-;-;-
Sapucaia (RJ);3 meses;10;5;5;5;3;2;4;2;2;-;-;-;1;-;1;-;-;-
Sapucaia (RJ);4 meses;14;9;5;6;5;1;2;1;1;-;-;-;6;3;3;-;-;-
Sapucaia (RJ);5 meses;16;9;7;9;4;5;-;-;-;-;-;-;7;5;2;-;-;-
Sapucaia (RJ);6 meses;12;8;4;4;3;1;2;1;1;-;-;-;6;4;2;-;-;-
Sapucaia (RJ);7 meses;15;8;7;9;6;3;1;-;1;-;-;-;5;2;3;-;-;-
Sapucaia (RJ);8 meses;14;8;6;4;3;1;5;3;2;-;-;-;5;2;3;-;-;-
Sapucaia (RJ);9 meses;15;9;6;9;4;5;-;-;-;-;-;-;6;5;1;-;-;-
Sapucaia (RJ);10 meses;17;11;6;6;2;4;2;2;-;-;-;-;9;7;2;-;-;-
Sapucaia (RJ);11 meses;22;10;12;13;6;7;1;-;1;-;-;-;8;4;4;-;-;-
Sapucaia (RJ);1 ano;178;87;91;81;37;44;26;17;9;-;-;-;71;33;38;-;-;-
Sapucaia (RJ);2 anos;199;101;98;101;47;54;21;10;11;-;-;-;77;44;33;-;-;-
Sapucaia (RJ);3 anos;202;97;105;96;40;56;24;10;14;-;-;-;82;47;35;-;-;-
Sapucaia (RJ);4 anos;198;88;110;87;36;51;21;9;12;-;-;-;90;43;47;-;-;-
Sapucaia (RJ);5 a 9 anos;1042;550;492;476;260;216;130;58;72;1;1;-;435;231;204;-;-;-
Sapucaia (RJ);5 anos;222;114;108;114;63;51;29;13;16;-;-;-;79;38;41;-;-;-
Sapucaia (RJ);6 anos;225;116;109;113;64;49;31;12;19;1;1;-;80;39;41;-;-;-
Sapucaia (RJ);7 anos;196;108;88;86;45;41;17;4;13;-;-;-;93;59;34;-;-;-
Sapucaia (RJ);8 anos;191;99;92;89;45;44;26;14;12;-;-;-;76;40;36;-;-;-
Sapucaia (RJ);9 anos;208;113;95;74;43;31;27;15;12;-;-;-;107;55;52;-;-;-
Sapucaia (RJ);10 a 14 anos;1128;581;547;495;248;247;148;74;74;-;-;-;484;258;226;1;1;-
Sapucaia (RJ);10 anos;210;102;108;88;40;48;22;15;7;-;-;-;100;47;53;-;-;-
Sapucaia (RJ);11 anos;215;121;94;100;54;46;26;16;10;-;-;-;89;51;38;-;-;-
Sapucaia (RJ);12 anos;240;121;119;109;56;53;30;12;18;-;-;-;100;52;48;1;1;-
Sapucaia (RJ);13 anos;231;116;115;101;48;53;37;14;23;-;-;-;93;54;39;-;-;-
Sapucaia (RJ);14 anos;232;121;111;97;50;47;33;17;16;-;-;-;102;54;48;-;-;-
Sapucaia (RJ);15 a 19 anos;1148;586;562;483;249;234;192;95;97;1;1;-;472;241;231;-;-;-
Sapucaia (RJ);15 anos;214;118;96;87;51;36;33;18;15;-;-;-;94;49;45;-;-;-
Sapucaia (RJ);16 anos;253;130;123;105;49;56;40;23;17;-;-;-;108;58;50;-;-;-
Sapucaia (RJ);17 anos;236;111;125;117;54;63;35;16;19;-;-;-;84;41;43;-;-;-
Sapucaia (RJ);18 anos;232;122;110;90;48;42;53;27;26;1;1;-;88;46;42;-;-;-
Sapucaia (RJ);19 anos;213;105;108;84;47;37;31;11;20;-;-;-;98;47;51;-;-;-
Sapucaia (RJ);20 a 24 anos;1248;625;623;551;272;279;219;111;108;3;2;1;475;240;235;-;-;-
Sapucaia (RJ);20 anos;220;107;113;109;51;58;27;15;12;-;-;-;84;41;43;-;-;-
Sapucaia (RJ);21 anos;237;125;112;106;56;50;48;22;26;2;2;-;81;45;36;-;-;-
Sapucaia (RJ);22 anos;274;133;141;119;57;62;52;27;25;-;-;-;103;49;54;-;-;-
Sapucaia (RJ);23 anos;243;123;120;98;51;47;40;19;21;1;-;1;104;53;51;-;-;-
Sapucaia (RJ);24 anos;274;137;137;119;57;62;52;28;24;-;-;-;103;52;51;-;-;-
Sapucaia (RJ);25 a 29 anos;1131;564;567;488;250;238;240;110;130;2;2;-;400;202;198;1;-;1
Sapucaia (RJ);25 anos;225;112;113;98;47;51;51;27;24;-;-;-;76;38;38;-;-;-
Sapucaia (RJ);26 anos;220;112;108;87;43;44;45;19;26;-;-;-;88;50;38;-;-;-
Sapucaia (RJ);27 anos;234;139;95;101;59;42;58;30;28;1;1;-;74;49;25;-;-;-
Sapucaia (RJ);28 anos;237;106;131;103;50;53;42;13;29;-;-;-;92;43;49;-;-;-
Sapucaia (RJ);29 anos;215;95;120;99;51;48;44;21;23;1;1;-;70;22;48;1;-;1
Sapucaia (RJ);30 a 34 anos;1210;591;619;558;270;288;251;133;118;1;1;-;398;186;212;2;1;1
Sapucaia (RJ);30 anos;231;109;122;100;50;50;59;29;30;-;-;-;72;30;42;-;-;-
Sapucaia (RJ);31 anos;236;106;130;114;52;62;41;18;23;-;-;-;80;35;45;1;1;-
Sapucaia (RJ);32 anos;258;121;137;119;56;63;51;27;24;1;1;-;86;37;49;1;-;1
Sapucaia (RJ);33 anos;241;122;119;104;54;50;52;27;25;-;-;-;85;41;44;-;-;-
Sapucaia (RJ);34 anos;244;133;111;121;58;63;48;32;16;-;-;-;75;43;32;-;-;-
Sapucaia (RJ);35 a 39 anos;1241;599;642;583;289;294;208;102;106;-;-;-;450;208;242;-;-;-
Sapucaia (RJ);35 anos;247;134;113;100;60;40;43;23;20;-;-;-;104;51;53;-;-;-
Sapucaia (RJ);36 anos;261;125;136;140;69;71;46;19;27;-;-;-;75;37;38;-;-;-
Sapucaia (RJ);37 anos;244;108;136;102;46;56;35;16;19;-;-;-;107;46;61;-;-;-
Sapucaia (RJ);38 anos;228;104;124;111;47;64;47;27;20;-;-;-;70;30;40;-;-;-
Sapucaia (RJ);39 anos;261;128;133;130;67;63;37;17;20;-;-;-;94;44;50;-;-;-
Sapucaia (RJ);40 a 44 anos;1314;665;649;618;312;306;239;120;119;-;-;-;457;233;224;-;-;-
Sapucaia (RJ);40 anos;271;132;139;127;64;63;57;27;30;-;-;-;87;41;46;-;-;-
Sapucaia (RJ);41 anos;245;115;130;104;41;63;52;23;29;-;-;-;89;51;38;-;-;-
Sapucaia (RJ);42 anos;282;141;141;130;65;65;47;24;23;-;-;-;105;52;53;-;-;-
Sapucaia (RJ);43 anos;269;140;129;130;68;62;40;23;17;-;-;-;99;49;50;-;-;-
Sapucaia (RJ);44 anos;247;137;110;127;74;53;43;23;20;-;-;-;77;40;37;-;-;-
Sapucaia (RJ);45 a 49 anos;1167;585;582;582;287;295;192;104;88;3;2;1;389;191;198;1;1;-
Sapucaia (RJ);45 anos;247;123;124;131;58;73;24;14;10;-;-;-;92;51;41;-;-;-
Sapucaia (RJ);46 anos;235;110;125;121;56;65;43;23;20;-;-;-;70;30;40;1;1;-
Sapucaia (RJ);47 anos;229;110;119;117;61;56;25;12;13;1;-;1;86;37;49;-;-;-
Sapucaia (RJ);48 anos;243;132;111;109;58;51;55;33;22;2;2;-;77;39;38;-;-;-
Sapucaia (RJ);49 anos;213;110;103;104;54;50;45;22;23;-;-;-;64;34;30;-;-;-
Sapucaia (RJ);50 a 54 anos;1268;606;662;613;297;316;232;104;128;3;1;2;420;204;216;-;-;-
Sapucaia (RJ);50 anos;253;133;120;118;64;54;46;24;22;-;-;-;89;45;44;-;-;-
Sapucaia (RJ);51 anos;229;103;126;111;47;64;37;13;24;-;-;-;81;43;38;-;-;-
Sapucaia (RJ);52 anos;266;130;136;126;62;64;59;29;30;-;-;-;81;39;42;-;-;-
Sapucaia (RJ);53 anos;241;114;127;116;62;54;42;17;25;1;1;-;82;34;48;-;-;-
Sapucaia (RJ);54 anos;279;126;153;142;62;80;48;21;27;2;-;2;87;43;44;-;-;-
Sapucaia (RJ);55 a 59 anos;1243;598;645;676;341;335;188;84;104;2;1;1;377;172;205;-;-;-
Sapucaia (RJ);55 anos;247;128;119;126;69;57;42;22;20;-;-;-;79;37;42;-;-;-
Sapucaia (RJ);56 anos;240;108;132;124;61;63;41;14;27;1;-;1;74;33;41;-;-;-
Sapucaia (RJ);57 anos;243;117;126;134;71;63;37;17;20;-;-;-;72;29;43;-;-;-
Sapucaia (RJ);58 anos;263;131;132;154;74;80;29;14;15;1;1;-;79;42;37;-;-;-
Sapucaia (RJ);59 anos;250;114;136;138;66;72;39;17;22;-;-;-;73;31;42;-;-;-
Sapucaia (RJ);60 a 64 anos;1132;558;574;579;266;313;175;97;78;1;1;-;376;193;183;1;1;-
Sapucaia (RJ);60 anos;255;123;132;123;62;61;43;21;22;-;-;-;89;40;49;-;-;-
Sapucaia (RJ);61 anos;205;91;114;101;41;60;39;15;24;1;1;-;64;34;30;-;-;-
Sapucaia (RJ);62 anos;241;127;114;121;58;63;38;28;10;-;-;-;82;41;41;-;-;-
Sapucaia (RJ);63 anos;211;116;95;116;59;57;30;18;12;-;-;-;64;38;26;1;1;-
Sapucaia (RJ);64 anos;220;101;119;118;46;72;25;15;10;-;-;-;77;40;37;-;-;-
Sapucaia (RJ);65 a 69 anos;936;432;504;518;231;287;136;59;77;-;-;-;282;142;140;-;-;-
Sapucaia (RJ);65 anos;224;106;118;128;63;65;37;19;18;-;-;-;59;24;35;-;-;-
Sapucaia (RJ);66 anos;170;73;97;94;37;57;27;7;20;-;-;-;49;29;20;-;-;-
Sapucaia (RJ);67 anos;199;93;106;106;48;58;22;12;10;-;-;-;71;33;38;-;-;-
Sapucaia (RJ);68 anos;179;78;101;99;45;54;27;9;18;-;-;-;53;24;29;-;-;-
Sapucaia (RJ);69 anos;164;82;82;91;38;53;23;12;11;-;-;-;50;32;18;-;-;-
Sapucaia (RJ);70 a 74 anos;657;310;347;369;167;202;99;48;51;2;-;2;187;95;92;-;-;-
Sapucaia (RJ);70 anos;133;72;61;86;47;39;17;11;6;-;-;-;30;14;16;-;-;-
Sapucaia (RJ);71 anos;158;77;81;77;39;38;28;12;16;-;-;-;53;26;27;-;-;-
Sapucaia (RJ);72 anos;150;61;89;82;29;53;26;9;17;-;-;-;42;23;19;-;-;-
Sapucaia (RJ);73 anos;127;59;68;71;28;43;22;12;10;-;-;-;34;19;15;-;-;-
Sapucaia (RJ);74 anos;89;41;48;53;24;29;6;4;2;2;-;2;28;13;15;-;-;-
Sapucaia (RJ);75 a 79 anos;415;196;219;249;112;137;53;25;28;4;2;2;109;57;52;-;-;-
Sapucaia (RJ);75 anos;94;47;47;51;26;25;15;5;10;-;-;-;28;16;12;-;-;-
Sapucaia (RJ);76 anos;101;52;49;63;30;33;11;10;1;1;-;1;26;12;14;-;-;-
Sapucaia (RJ);77 anos;76;38;38;42;19;23;13;5;8;1;1;-;20;13;7;-;-;-
Sapucaia (RJ);78 anos;78;32;46;51;20;31;11;5;6;2;1;1;14;6;8;-;-;-
Sapucaia (RJ);79 anos;66;27;39;42;17;25;3;-;3;-;-;-;21;10;11;-;-;-
Sapucaia (RJ);80 a 84 anos;261;112;149;168;73;95;35;11;24;-;-;-;58;28;30;-;-;-
Sapucaia (RJ);80 anos;62;28;34;41;21;20;10;3;7;-;-;-;11;4;7;-;-;-
Sapucaia (RJ);81 anos;47;20;27;33;12;21;3;1;2;-;-;-;11;7;4;-;-;-
Sapucaia (RJ);82 anos;49;21;28;29;11;18;5;1;4;-;-;-;15;9;6;-;-;-
Sapucaia (RJ);83 anos;51;20;31;31;13;18;9;2;7;-;-;-;11;5;6;-;-;-
Sapucaia (RJ);84 anos;52;23;29;34;16;18;8;4;4;-;-;-;10;3;7;-;-;-
Sapucaia (RJ);85 a 89 anos;140;55;85;93;32;61;21;11;10;1;-;1;25;12;13;-;-;-
Sapucaia (RJ);85 anos;31;13;18;20;6;14;4;2;2;-;-;-;7;5;2;-;-;-
Sapucaia (RJ);86 anos;41;14;27;28;8;20;8;4;4;1;-;1;4;2;2;-;-;-
Sapucaia (RJ);87 anos;25;9;16;18;5;13;4;3;1;-;-;-;3;1;2;-;-;-
Sapucaia (RJ);88 anos;22;7;15;14;3;11;4;2;2;-;-;-;4;2;2;-;-;-
Sapucaia (RJ);89 anos;21;12;9;13;10;3;1;-;1;-;-;-;7;2;5;-;-;-
Sapucaia (RJ);90 a 94 anos;64;26;38;44;20;24;8;3;5;-;-;-;12;3;9;-;-;-
Sapucaia (RJ);90 anos;19;6;13;13;4;9;3;1;2;-;-;-;3;1;2;-;-;-
Sapucaia (RJ);91 anos;11;4;7;9;4;5;-;-;-;-;-;-;2;-;2;-;-;-
Sapucaia (RJ);92 anos;9;3;6;3;1;2;3;1;2;-;-;-;3;1;2;-;-;-
Sapucaia (RJ);93 anos;12;7;5;10;6;4;1;-;1;-;-;-;1;1;-;-;-;-
Sapucaia (RJ);94 anos;13;6;7;9;5;4;1;1;-;-;-;-;3;-;3;-;-;-
Sapucaia (RJ);95 a 99 anos;14;1;13;11;1;10;2;-;2;-;-;-;1;-;1;-;-;-
Sapucaia (RJ);95 anos;2;-;2;1;-;1;-;-;-;-;-;-;1;-;1;-;-;-
Sapucaia (RJ);96 anos;2;-;2;2;-;2;-;-;-;-;-;-;-;-;-;-;-;-
Sapucaia (RJ);97 anos;4;1;3;3;1;2;1;-;1;-;-;-;-;-;-;-;-;-
Sapucaia (RJ);98 anos;3;-;3;2;-;2;1;-;1;-;-;-;-;-;-;-;-;-
Sapucaia (RJ);99 anos;3;-;3;3;-;3;-;-;-;-;-;-;-;-;-;-;-;-
Sapucaia (RJ);100 anos ou mais;2;-;2;1;-;1;-;-;-;-;-;-;1;-;1;-;-;-
Saquarema (RJ);Total;89559;43397;46162;36473;17179;19294;12192;6041;6151;67;31;36;40726;20105;20621;95;37;58
Saquarema (RJ);0 a 4 anos;4950;2515;2435;2089;1049;1040;478;251;227;1;1;-;2381;1214;1167;1;-;1
Saquarema (RJ);Menos de 1 ano;867;434;433;395;199;196;59;31;28;-;-;-;413;204;209;-;-;-
Saquarema (RJ);Menos de 1 mês;52;21;31;21;6;15;5;3;2;-;-;-;26;12;14;-;-;-
Saquarema (RJ);1 mês;65;33;32;28;15;13;4;3;1;-;-;-;33;15;18;-;-;-
Saquarema (RJ);2 meses;69;31;38;31;14;17;6;3;3;-;-;-;32;14;18;-;-;-
Saquarema (RJ);3 meses;69;40;29;36;19;17;3;1;2;-;-;-;30;20;10;-;-;-
Saquarema (RJ);4 meses;72;33;39;30;13;17;3;2;1;-;-;-;39;18;21;-;-;-
Saquarema (RJ);5 meses;77;37;40;45;19;26;3;3;-;-;-;-;29;15;14;-;-;-
Saquarema (RJ);6 meses;83;41;42;39;23;16;7;1;6;-;-;-;37;17;20;-;-;-
Saquarema (RJ);7 meses;78;48;30;41;24;17;5;3;2;-;-;-;32;21;11;-;-;-
Saquarema (RJ);8 meses;68;35;33;29;18;11;3;1;2;-;-;-;36;16;20;-;-;-
Saquarema (RJ);9 meses;70;39;31;27;16;11;5;3;2;-;-;-;38;20;18;-;-;-
Saquarema (RJ);10 meses;80;38;42;34;17;17;5;2;3;-;-;-;41;19;22;-;-;-
Saquarema (RJ);11 meses;84;38;46;34;15;19;10;6;4;-;-;-;40;17;23;-;-;-
Saquarema (RJ);1 ano;931;487;444;401;200;201;90;49;41;-;-;-;440;238;202;-;-;-
Saquarema (RJ);2 anos;1006;522;484;418;205;213;103;54;49;1;1;-;484;262;222;-;-;-
Saquarema (RJ);3 anos;1054;514;540;436;219;217;118;57;61;-;-;-;499;238;261;1;-;1
Saquarema (RJ);4 anos;1092;558;534;439;226;213;108;60;48;-;-;-;545;272;273;-;-;-
Saquarema (RJ);5 a 9 anos;5785;3031;2754;2208;1158;1050;645;332;313;2;1;1;2924;1535;1389;6;5;1
Saquarema (RJ);5 anos;1113;563;550;421;209;212;130;62;68;-;-;-;560;290;270;2;2;-
Saquarema (RJ);6 anos;1156;606;550;498;267;231;119;60;59;-;-;-;539;279;260;-;-;-
Saquarema (RJ);7 anos;1226;644;582;440;220;220;127;63;64;1;-;1;657;360;297;1;1;-
Saquarema (RJ);8 anos;1150;604;546;440;234;206;134;70;64;-;-;-;574;299;275;2;1;1
Saquarema (RJ);9 anos;1140;614;526;409;228;181;135;77;58;1;1;-;594;307;287;1;1;-
Saquarema (RJ);10 a 14 anos;5387;2786;2601;1996;1030;966;599;301;298;5;3;2;2782;1448;1334;5;4;1
Saquarema (RJ);10 anos;1111;567;544;386;194;192;103;52;51;1;1;-;620;319;301;1;1;-
Saquarema (RJ);11 anos;1052;542;510;401;207;194;128;61;67;-;-;-;522;274;248;1;-;1
Saquarema (RJ);12 anos;1124;583;541;414;211;203;118;64;54;1;-;1;590;307;283;1;1;-
Saquarema (RJ);13 anos;1081;559;522;409;216;193;121;58;63;1;1;-;548;282;266;2;2;-
Saquarema (RJ);14 anos;1019;535;484;386;202;184;129;66;63;2;1;1;502;266;236;-;-;-
Saquarema (RJ);15 a 19 anos;5561;2901;2660;2030;1056;974;784;410;374;2;1;1;2742;1431;1311;2;2;-
Saquarema (RJ);15 anos;1132;580;552;413;215;198;149;80;69;1;-;1;569;285;284;-;-;-
Saquarema (RJ);16 anos;1124;610;514;417;225;192;143;78;65;-;-;-;564;307;257;-;-;-
Saquarema (RJ);17 anos;1166;610;556;421;218;203;167;79;88;1;1;-;577;312;265;-;-;-
Saquarema (RJ);18 anos;1122;564;558;409;198;211;173;98;75;-;-;-;540;268;272;-;-;-
Saquarema (RJ);19 anos;1017;537;480;370;200;170;152;75;77;-;-;-;492;259;233;2;2;-
Saquarema (RJ);20 a 24 anos;5717;2837;2880;2111;1013;1098;898;465;433;5;3;2;2699;1354;1345;4;2;2
Saquarema (RJ);20 anos;1099;525;574;409;187;222;172;92;80;1;1;-;516;245;271;1;-;1
Saquarema (RJ);21 anos;1093;542;551;392;206;186;175;93;82;-;-;-;525;243;282;1;-;1
Saquarema (RJ);22 anos;1305;674;631;466;230;236;202;98;104;1;-;1;635;345;290;1;1;-
Saquarema (RJ);23 anos;1131;558;573;424;197;227;188;92;96;2;1;1;516;267;249;1;1;-
Saquarema (RJ);24 anos;1089;538;551;420;193;227;161;90;71;1;1;-;507;254;253;-;-;-
Saquarema (RJ);25 a 29 anos;5706;2793;2913;2082;1007;1075;906;452;454;7;4;3;2708;1328;1380;3;2;1
Saquarema (RJ);25 anos;1212;612;600;463;231;232;184;90;94;2;1;1;561;289;272;2;1;1
Saquarema (RJ);26 anos;1119;548;571;403;203;200;184;94;90;1;1;-;531;250;281;-;-;-
Saquarema (RJ);27 anos;1186;575;611;433;198;235;199;101;98;2;-;2;552;276;276;-;-;-
Saquarema (RJ);28 anos;1175;575;600;402;191;211;184;91;93;2;2;-;586;290;296;1;1;-
Saquarema (RJ);29 anos;1014;483;531;381;184;197;155;76;79;-;-;-;478;223;255;-;-;-
Saquarema (RJ);30 a 34 anos;5827;2775;3052;2148;1020;1128;951;473;478;1;1;-;2724;1281;1443;3;-;3
Saquarema (RJ);30 anos;1210;576;634;423;196;227;201;109;92;1;1;-;585;270;315;-;-;-
Saquarema (RJ);31 anos;1048;481;567;366;178;188;193;88;105;-;-;-;488;215;273;1;-;1
Saquarema (RJ);32 anos;1173;576;597;441;219;222;173;85;88;-;-;-;558;272;286;1;-;1
Saquarema (RJ);33 anos;1273;594;679;491;224;267;193;94;99;-;-;-;588;276;312;1;-;1
Saquarema (RJ);34 anos;1123;548;575;427;203;224;191;97;94;-;-;-;505;248;257;-;-;-
Saquarema (RJ);35 a 39 anos;6197;2959;3238;2271;1033;1238;1046;529;517;7;3;4;2863;1389;1474;10;5;5
Saquarema (RJ);35 anos;1223;581;642;473;211;262;195;99;96;1;-;1;551;268;283;3;3;-
Saquarema (RJ);36 anos;1314;644;670;461;227;234;233;124;109;3;3;-;612;288;324;5;2;3
Saquarema (RJ);37 anos;1146;528;618;411;182;229;198;93;105;1;-;1;536;253;283;-;-;-
Saquarema (RJ);38 anos;1247;588;659;461;220;241;206;88;118;-;-;-;579;280;299;1;-;1
Saquarema (RJ);39 anos;1267;618;649;465;193;272;214;125;89;2;-;2;585;300;285;1;-;1
Saquarema (RJ);40 a 44 anos;6624;3100;3524;2522;1127;1395;1020;504;516;3;1;2;3067;1464;1603;12;4;8
Saquarema (RJ);40 anos;1566;737;829;589;249;340;246;131;115;1;-;1;727;355;372;3;2;1
Saquarema (RJ);41 anos;1294;629;665;484;225;259;198;100;98;-;-;-;611;304;307;1;-;1
Saquarema (RJ);42 anos;1339;599;740;527;233;294;200;89;111;1;-;1;610;277;333;1;-;1
Saquarema (RJ);43 anos;1221;578;643;469;216;253;197;94;103;-;-;-;553;268;285;2;-;2
Saquarema (RJ);44 anos;1204;557;647;453;204;249;179;90;89;1;1;-;566;260;306;5;2;3
Saquarema (RJ);45 a 49 anos;5956;2832;3124;2317;1035;1282;834;410;424;4;2;2;2794;1382;1412;7;3;4
Saquarema (RJ);45 anos;1335;627;708;534;226;308;195;100;95;1;-;1;604;301;303;1;-;1
Saquarema (RJ);46 anos;1106;553;553;404;191;213;159;78;81;-;-;-;542;283;259;1;1;-
Saquarema (RJ);47 anos;1203;550;653;452;196;256;172;86;86;1;1;-;574;266;308;4;1;3
Saquarema (RJ);48 anos;1200;592;608;494;233;261;158;77;81;1;1;-;546;280;266;1;1;-
Saquarema (RJ);49 anos;1112;510;602;433;189;244;150;69;81;1;-;1;528;252;276;-;-;-
Saquarema (RJ);50 a 54 anos;6034;2840;3194;2436;1097;1339;847;426;421;5;2;3;2740;1314;1426;6;1;5
Saquarema (RJ);50 anos;1313;632;681;503;230;273;181;91;90;2;-;2;627;311;316;-;-;-
Saquarema (RJ);51 anos;1117;541;576;481;215;266;148;86;62;1;1;-;484;238;246;3;1;2
Saquarema (RJ);52 anos;1249;564;685;499;229;270;180;84;96;1;-;1;568;251;317;1;-;1
Saquarema (RJ);53 anos;1225;577;648;491;216;275;184;91;93;1;1;-;548;269;279;1;-;1
Saquarema (RJ);54 anos;1130;526;604;462;207;255;154;74;80;-;-;-;513;245;268;1;-;1
Saquarema (RJ);55 a 59 anos;6120;2845;3275;2612;1166;1446;830;398;432;6;4;2;2661;1275;1386;11;2;9
Saquarema (RJ);55 anos;1203;551;652;493;208;285;174;87;87;-;-;-;532;256;276;4;-;4
Saquarema (RJ);56 anos;1192;547;645;508;228;280;155;74;81;1;1;-;524;243;281;4;1;3
Saquarema (RJ);57 anos;1223;554;669;534;237;297;167;74;93;2;1;1;520;242;278;-;-;-
Saquarema (RJ);58 anos;1227;598;629;540;254;286;161;81;80;3;2;1;522;260;262;1;1;-
Saquarema (RJ);59 anos;1275;595;680;537;239;298;173;82;91;-;-;-;563;274;289;2;-;2
Saquarema (RJ);60 a 64 anos;6165;2899;3266;2797;1261;1536;798;383;415;3;-;3;2563;1254;1309;4;1;3
Saquarema (RJ);60 anos;1419;695;724;625;282;343;185;99;86;1;-;1;608;314;294;-;-;-
Saquarema (RJ);61 anos;1159;549;610;548;266;282;135;60;75;1;-;1;473;223;250;2;-;2
Saquarema (RJ);62 anos;1276;577;699;584;255;329;178;77;101;-;-;-;514;245;269;-;-;-
Saquarema (RJ);63 anos;1171;551;620;536;231;305;155;74;81;-;-;-;479;246;233;1;-;1
Saquarema (RJ);64 anos;1140;527;613;504;227;277;145;73;72;1;-;1;489;226;263;1;1;-
Saquarema (RJ);65 a 69 anos;5137;2501;2636;2440;1168;1272;622;294;328;5;2;3;2063;1034;1029;6;3;3
Saquarema (RJ);65 anos;1186;577;609;560;261;299;134;72;62;1;1;-;490;242;248;1;1;-
Saquarema (RJ);66 anos;1029;508;521;477;226;251;135;59;76;-;-;-;417;223;194;-;-;-
Saquarema (RJ);67 anos;1012;479;533;462;219;243;130;55;75;1;1;-;418;204;214;1;-;1
Saquarema (RJ);68 anos;1017;512;505;491;247;244;120;58;62;1;-;1;402;205;197;3;2;1
Saquarema (RJ);69 anos;893;425;468;450;215;235;103;50;53;2;-;2;336;160;176;1;-;1
Saquarema (RJ);70 a 74 anos;3767;1804;1963;1906;891;1015;451;218;233;5;2;3;1395;691;704;8;-;8
Saquarema (RJ);70 anos;893;434;459;412;193;219;136;64;72;3;1;2;340;176;164;2;-;2
Saquarema (RJ);71 anos;790;386;404;410;209;201;87;44;43;2;1;1;287;132;155;4;-;4
Saquarema (RJ);72 anos;805;375;430;436;187;249;87;46;41;-;-;-;282;142;140;-;-;-
Saquarema (RJ);73 anos;676;331;345;336;157;179;70;37;33;-;-;-;268;136;132;1;-;1
Saquarema (RJ);74 anos;603;278;325;312;145;167;71;27;44;-;-;-;218;105;113;1;-;1
Saquarema (RJ);75 a 79 anos;2279;1036;1243;1208;533;675;238;108;130;3;-;3;827;394;433;1;-;1
Saquarema (RJ);75 anos;585;265;320;322;133;189;57;28;29;1;-;1;205;104;101;-;-;-
Saquarema (RJ);76 anos;480;219;261;247;120;127;50;19;31;-;-;-;181;80;101;1;-;1
Saquarema (RJ);77 anos;432;196;236;234;94;140;41;19;22;1;-;1;156;83;73;-;-;-
Saquarema (RJ);78 anos;425;186;239;211;91;120;49;26;23;1;-;1;164;69;95;-;-;-
Saquarema (RJ);79 anos;357;170;187;194;95;99;41;16;25;-;-;-;121;58;63;-;-;-
Saquarema (RJ);80 a 84 anos;1339;570;769;715;315;400;147;57;90;1;-;1;473;197;276;3;1;2
Saquarema (RJ);80 anos;353;166;187;194;91;103;33;20;13;-;-;-;125;55;70;1;-;1
Saquarema (RJ);81 anos;264;101;163;143;56;87;30;12;18;-;-;-;91;33;58;-;-;-
Saquarema (RJ);82 anos;299;122;177;149;61;88;38;12;26;-;-;-;111;49;62;1;-;1
Saquarema (RJ);83 anos;227;97;130;129;60;69;20;6;14;1;-;1;76;30;46;1;1;-
Saquarema (RJ);84 anos;196;84;112;100;47;53;26;7;19;-;-;-;70;30;40;-;-;-
Saquarema (RJ);85 a 89 anos;666;272;394;401;167;234;56;20;36;2;1;1;205;82;123;2;2;-
Saquarema (RJ);85 anos;163;77;86;91;44;47;10;3;7;2;1;1;60;29;31;-;-;-
Saquarema (RJ);86 anos;163;68;95;98;43;55;21;9;12;-;-;-;43;15;28;1;1;-
Saquarema (RJ);87 anos;137;52;85;86;31;55;8;1;7;-;-;-;42;19;23;1;1;-
Saquarema (RJ);88 anos;113;44;69;72;31;41;12;6;6;-;-;-;29;7;22;-;-;-
Saquarema (RJ);89 anos;90;31;59;54;18;36;5;1;4;-;-;-;31;12;19;-;-;-
Saquarema (RJ);90 a 94 anos;254;77;177;137;41;96;31;7;24;-;-;-;86;29;57;-;-;-
Saquarema (RJ);90 anos;83;21;62;40;10;30;14;3;11;-;-;-;29;8;21;-;-;-
Saquarema (RJ);91 anos;49;23;26;30;14;16;4;1;3;-;-;-;15;8;7;-;-;-
Saquarema (RJ);92 anos;53;17;36;31;9;22;3;2;1;-;-;-;19;6;13;-;-;-
Saquarema (RJ);93 anos;39;9;30;21;4;17;6;1;5;-;-;-;12;4;8;-;-;-
Saquarema (RJ);94 anos;30;7;23;15;4;11;4;-;4;-;-;-;11;3;8;-;-;-
Saquarema (RJ);95 a 99 anos;78;24;54;45;12;33;8;3;5;-;-;-;24;9;15;1;-;1
Saquarema (RJ);95 anos;21;8;13;15;5;10;1;-;1;-;-;-;5;3;2;-;-;-
Saquarema (RJ);96 anos;16;3;13;9;1;8;2;-;2;-;-;-;5;2;3;-;-;-
Saquarema (RJ);97 anos;23;6;17;13;3;10;4;2;2;-;-;-;6;1;5;-;-;-
Saquarema (RJ);98 anos;12;5;7;5;2;3;1;1;-;-;-;-;5;2;3;1;-;1
Saquarema (RJ);99 anos;6;2;4;3;1;2;-;-;-;-;-;-;3;1;2;-;-;-
Saquarema (RJ);100 anos ou mais;10;-;10;2;-;2;3;-;3;-;-;-;5;-;5;-;-;-
Seropédica (RJ);Total;80596;38865;41731;27789;12888;14901;12901;6426;6475;120;60;60;39685;19443;20242;96;46;50
Seropédica (RJ);0 a 4 anos;5126;2574;2552;2023;944;1079;522;273;249;7;4;3;2570;1350;1220;4;3;1
Seropédica (RJ);Menos de 1 ano;911;448;463;392;173;219;75;43;32;1;-;1;443;232;211;-;-;-
Seropédica (RJ);Menos de 1 mês;70;32;38;35;15;20;2;-;2;-;-;-;33;17;16;-;-;-
Seropédica (RJ);1 mês;66;31;35;28;11;17;6;4;2;-;-;-;32;16;16;-;-;-
Seropédica (RJ);2 meses;71;29;42;32;14;18;8;2;6;-;-;-;31;13;18;-;-;-
Seropédica (RJ);3 meses;84;52;32;32;17;15;6;3;3;-;-;-;46;32;14;-;-;-
Seropédica (RJ);4 meses;84;46;38;30;19;11;7;5;2;-;-;-;47;22;25;-;-;-
Seropédica (RJ);5 meses;69;28;41;29;10;19;8;2;6;1;-;1;31;16;15;-;-;-
Seropédica (RJ);6 meses;76;36;40;38;13;25;3;2;1;-;-;-;35;21;14;-;-;-
Seropédica (RJ);7 meses;94;49;45;42;14;28;8;6;2;-;-;-;44;29;15;-;-;-
Seropédica (RJ);8 meses;79;36;43;31;16;15;9;5;4;-;-;-;39;15;24;-;-;-
Seropédica (RJ);9 meses;84;44;40;33;13;20;9;6;3;-;-;-;42;25;17;-;-;-
Seropédica (RJ);10 meses;63;36;27;25;16;9;7;6;1;-;-;-;31;14;17;-;-;-
Seropédica (RJ);11 meses;71;29;42;37;15;22;2;2;-;-;-;-;32;12;20;-;-;-
Seropédica (RJ);1 ano;973;480;493;392;182;210;104;56;48;-;-;-;477;242;235;-;-;-
Seropédica (RJ);2 anos;1080;566;514;447;219;228;104;57;47;4;2;2;523;287;236;2;1;1
Seropédica (RJ);3 anos;1090;545;545;404;190;214;121;67;54;1;1;-;562;285;277;2;2;-
Seropédica (RJ);4 anos;1072;535;537;388;180;208;118;50;68;1;1;-;565;304;261;-;-;-
Seropédica (RJ);5 a 9 anos;5810;2981;2829;1971;1022;949;679;348;331;3;2;1;3155;1608;1547;2;1;1
Seropédica (RJ);5 anos;1086;566;520;406;217;189;122;53;69;1;-;1;557;296;261;-;-;-
Seropédica (RJ);6 anos;1183;592;591;402;212;190;129;65;64;-;-;-;652;315;337;-;-;-
Seropédica (RJ);7 anos;1213;622;591;391;178;213;134;72;62;2;2;-;685;369;316;1;1;-
Seropédica (RJ);8 anos;1153;594;559;374;209;165;152;84;68;-;-;-;626;301;325;1;-;1
Seropédica (RJ);9 anos;1175;607;568;398;206;192;142;74;68;-;-;-;635;327;308;-;-;-
Seropédica (RJ);10 a 14 anos;5397;2780;2617;1784;915;869;706;383;323;6;5;1;2900;1476;1424;1;1;-
Seropédica (RJ);10 anos;1062;519;543;367;173;194;115;59;56;3;2;1;577;285;292;-;-;-
Seropédica (RJ);11 anos;1097;574;523;361;186;175;149;79;70;1;1;-;586;308;278;-;-;-
Seropédica (RJ);12 anos;1125;573;552;380;194;186;144;81;63;1;1;-;600;297;303;-;-;-
Seropédica (RJ);13 anos;1086;582;504;347;193;154;157;87;70;-;-;-;582;302;280;-;-;-
Seropédica (RJ);14 anos;1027;532;495;329;169;160;141;77;64;1;1;-;555;284;271;1;1;-
Seropédica (RJ);15 a 19 anos;5620;2836;2784;1783;845;938;923;486;437;8;4;4;2905;1501;1404;1;-;1
Seropédica (RJ);15 anos;1095;561;534;340;161;179;177;97;80;1;1;-;577;302;275;-;-;-
Seropédica (RJ);16 anos;1096;573;523;350;176;174;171;96;75;1;1;-;574;300;274;-;-;-
Seropédica (RJ);17 anos;1198;605;593;384;181;203;206;109;97;2;1;1;605;314;291;1;-;1
Seropédica (RJ);18 anos;1105;535;570;353;152;201;167;85;82;3;1;2;582;297;285;-;-;-
Seropédica (RJ);19 anos;1126;562;564;356;175;181;202;99;103;1;-;1;567;288;279;-;-;-
Seropédica (RJ);20 a 24 anos;6445;3153;3292;2128;1022;1106;1078;529;549;10;5;5;3223;1596;1627;5;1;4
Seropédica (RJ);20 anos;1181;566;615;395;185;210;186;82;104;-;-;-;600;299;301;-;-;-
Seropédica (RJ);21 anos;1230;603;627;418;196;222;205;99;106;3;2;1;601;305;296;3;1;2
Seropédica (RJ);22 anos;1463;723;740;467;232;235;255;123;132;3;-;3;737;368;369;-;-;-
Seropédica (RJ);23 anos;1236;599;637;402;186;216;199;106;93;2;1;1;632;306;326;1;-;1
Seropédica (RJ);24 anos;1335;662;673;446;223;223;233;119;114;2;2;-;653;318;335;1;-;1
Seropédica (RJ);25 a 29 anos;6277;3027;3250;2002;980;1022;1165;603;562;6;2;4;3095;1440;1655;9;2;7
Seropédica (RJ);25 anos;1383;691;692;464;218;246;211;123;88;3;-;3;703;349;354;2;1;1
Seropédica (RJ);26 anos;1279;623;656;389;200;189;266;142;124;-;-;-;621;280;341;3;1;2
Seropédica (RJ);27 anos;1271;616;655;417;205;212;248;125;123;2;2;-;602;284;318;2;-;2
Seropédica (RJ);28 anos;1195;566;629;384;182;202;224;116;108;1;-;1;584;268;316;2;-;2
Seropédica (RJ);29 anos;1149;531;618;348;175;173;216;97;119;-;-;-;585;259;326;-;-;-
Seropédica (RJ);30 a 34 anos;5837;2809;3028;1919;871;1048;1024;528;496;11;3;8;2874;1403;1471;9;4;5
Seropédica (RJ);30 anos;1283;634;649;411;197;214;221;104;117;2;-;2;647;331;316;2;2;-
Seropédica (RJ);31 anos;1029;493;536;345;159;186;173;84;89;2;1;1;508;248;260;1;1;-
Seropédica (RJ);32 anos;1166;540;626;402;166;236;184;95;89;1;-;1;578;279;299;1;-;1
Seropédica (RJ);33 anos;1161;568;593;371;162;209;220;125;95;1;1;-;568;279;289;1;1;-
Seropédica (RJ);34 anos;1198;574;624;390;187;203;226;120;106;5;1;4;573;266;307;4;-;4
Seropédica (RJ);35 a 39 anos;5668;2632;3036;1774;795;979;1013;494;519;5;1;4;2870;1341;1529;6;1;5
Seropédica (RJ);35 anos;1176;542;634;368;161;207;204;101;103;2;1;1;601;279;322;1;-;1
Seropédica (RJ);36 anos;1128;538;590;360;170;190;177;86;91;2;-;2;588;282;306;1;-;1
Seropédica (RJ);37 anos;1016;470;546;323;140;183;191;99;92;1;-;1;500;230;270;1;1;-
Seropédica (RJ);38 anos;1169;526;643;353;157;196;215;103;112;-;-;-;598;266;332;3;-;3
Seropédica (RJ);39 anos;1179;556;623;370;167;203;226;105;121;-;-;-;583;284;299;-;-;-
Seropédica (RJ);40 a 44 anos;6062;2857;3205;2056;917;1139;1082;529;553;10;7;3;2908;1401;1507;6;3;3
Seropédica (RJ);40 anos;1444;693;751;485;219;266;262;130;132;1;1;-;695;342;353;1;1;-
Seropédica (RJ);41 anos;1107;516;591;387;173;214;201;85;116;1;1;-;516;257;259;2;-;2
Seropédica (RJ);42 anos;1264;604;660;410;189;221;225;111;114;3;3;-;625;300;325;1;1;-
Seropédica (RJ);43 anos;1213;564;649;407;174;233;215;107;108;4;2;2;586;281;305;1;-;1
Seropédica (RJ);44 anos;1034;480;554;367;162;205;179;96;83;1;-;1;486;221;265;1;1;-
Seropédica (RJ);45 a 49 anos;5350;2610;2740;1772;788;984;904;477;427;6;4;2;2655;1335;1320;10;5;5
Seropédica (RJ);45 anos;1134;551;583;355;153;202;212;110;102;-;-;-;564;288;276;2;-;2
Seropédica (RJ);46 anos;1047;519;528;333;157;176;194;100;94;3;2;1;514;258;256;2;1;1
Seropédica (RJ);47 anos;1038;518;520;337;146;191;173;102;71;2;1;1;524;268;256;2;1;1
Seropédica (RJ);48 anos;1082;521;561;373;158;215;152;76;76;1;1;-;552;284;268;3;2;1
Seropédica (RJ);49 anos;1049;501;548;374;174;200;173;89;84;-;-;-;501;237;264;1;1;-
Seropédica (RJ);50 a 54 anos;5321;2547;2774;1805;862;943;893;436;457;11;6;5;2601;1236;1365;10;6;4
Seropédica (RJ);50 anos;1208;586;622;369;173;196;221;112;109;1;1;-;613;298;315;3;1;2
Seropédica (RJ);51 anos;1023;475;548;362;166;196;166;80;86;3;3;-;491;225;266;1;1;-
Seropédica (RJ);52 anos;1023;497;526;339;170;169;176;89;87;2;-;2;505;237;268;1;1;-
Seropédica (RJ);53 anos;1043;510;533;366;174;192;157;79;78;3;1;2;514;255;259;3;1;2
Seropédica (RJ);54 anos;1024;479;545;369;179;190;173;76;97;2;1;1;478;221;257;2;2;-
Seropédica (RJ);55 a 59 anos;4785;2260;2525;1720;781;939;798;395;403;9;4;5;2252;1075;1177;6;5;1
Seropédica (RJ);55 anos;1021;460;561;338;151;187;186;94;92;3;1;2;494;214;280;-;-;-
Seropédica (RJ);56 anos;936;453;483;320;145;175;164;75;89;2;2;-;449;230;219;1;1;-
Seropédica (RJ);57 anos;971;458;513;363;161;202;155;79;76;1;-;1;452;218;234;-;-;-
Seropédica (RJ);58 anos;961;463;498;345;158;187;160;84;76;2;1;1;451;217;234;3;3;-
Seropédica (RJ);59 anos;896;426;470;354;166;188;133;63;70;1;-;1;406;196;210;2;1;1
Seropédica (RJ);60 a 64 anos;4295;1980;2315;1571;659;912;739;349;390;5;4;1;1970;962;1008;10;6;4
Seropédica (RJ);60 anos;899;420;479;329;143;186;158;76;82;-;-;-;409;201;208;3;-;3
Seropédica (RJ);61 anos;859;406;453;310;130;180;157;75;82;1;1;-;388;197;191;3;3;-
Seropédica (RJ);62 anos;906;409;497;359;146;213;148;69;79;2;1;1;395;192;203;2;1;1
Seropédica (RJ);63 anos;868;398;470;300;128;172;152;68;84;2;2;-;413;199;214;1;1;-
Seropédica (RJ);64 anos;763;347;416;273;112;161;124;61;63;-;-;-;365;173;192;1;1;-
Seropédica (RJ);65 a 69 anos;3359;1571;1788;1276;591;685;555;245;310;8;3;5;1515;729;786;5;3;2
Seropédica (RJ);65 anos;818;370;448;319;135;184;132;64;68;-;-;-;367;171;196;-;-;-
Seropédica (RJ);66 anos;657;308;349;245;117;128;108;45;63;-;-;-;304;146;158;-;-;-
Seropédica (RJ);67 anos;653;304;349;245;114;131;107;43;64;3;-;3;297;147;150;1;-;1
Seropédica (RJ);68 anos;647;324;323;246;123;123;95;45;50;2;1;1;301;153;148;3;2;1
Seropédica (RJ);69 anos;584;265;319;221;102;119;113;48;65;3;2;1;246;112;134;1;1;-
Seropédica (RJ);70 a 74 anos;2367;1074;1293;934;396;538;387;181;206;9;3;6;1034;494;540;3;-;3
Seropédica (RJ);70 anos;578;286;292;242;117;125;91;42;49;2;-;2;243;127;116;-;-;-
Seropédica (RJ);71 anos;473;221;252;190;80;110;70;34;36;1;-;1;212;107;105;-;-;-
Seropédica (RJ);72 anos;519;234;285;199;89;110;97;42;55;1;1;-;220;102;118;2;-;2
Seropédica (RJ);73 anos;409;177;232;157;55;102;64;33;31;1;-;1;186;89;97;1;-;1
Seropédica (RJ);74 anos;388;156;232;146;55;91;65;30;35;4;2;2;173;69;104;-;-;-
Seropédica (RJ);75 a 79 anos;1385;594;791;589;241;348;207;85;122;3;2;1;582;262;320;4;4;-
Seropédica (RJ);75 anos;343;162;181;149;69;80;53;28;25;2;1;1;139;64;75;-;-;-
Seropédica (RJ);76 anos;330;141;189;126;46;80;52;21;31;-;-;-;151;73;78;1;1;-
Seropédica (RJ);77 anos;247;97;150;100;34;66;43;14;29;-;-;-;102;47;55;2;2;-
Seropédica (RJ);78 anos;250;100;150;123;51;72;29;12;17;1;1;-;97;36;61;-;-;-
Seropédica (RJ);79 anos;215;94;121;91;41;50;30;10;20;-;-;-;93;42;51;1;1;-
Seropédica (RJ);80 a 84 anos;836;352;484;383;161;222;131;49;82;2;1;1;315;140;175;5;1;4
Seropédica (RJ);80 anos;209;77;132;91;29;62;38;18;20;-;-;-;79;30;49;1;-;1
Seropédica (RJ);81 anos;166;78;88;64;32;32;29;7;22;1;1;-;72;38;34;-;-;-
Seropédica (RJ);82 anos;182;70;112;88;34;54;27;9;18;-;-;-;66;27;39;1;-;1
Seropédica (RJ);83 anos;158;77;81;81;38;43;20;9;11;1;-;1;55;30;25;1;-;1
Seropédica (RJ);84 anos;121;50;71;59;28;31;17;6;11;-;-;-;43;15;28;2;1;1
Seropédica (RJ);85 a 89 anos;400;149;251;180;63;117;59;23;36;-;-;-;161;63;98;-;-;-
Seropédica (RJ);85 anos;99;41;58;39;16;23;20;8;12;-;-;-;40;17;23;-;-;-
Seropédica (RJ);86 anos;98;31;67;45;13;32;16;5;11;-;-;-;37;13;24;-;-;-
Seropédica (RJ);87 anos;86;32;54;42;12;30;12;6;6;-;-;-;32;14;18;-;-;-
Seropédica (RJ);88 anos;56;27;29;28;16;12;4;2;2;-;-;-;24;9;15;-;-;-
Seropédica (RJ);89 anos;61;18;43;26;6;20;7;2;5;-;-;-;28;10;18;-;-;-
Seropédica (RJ);90 a 94 anos;198;69;129;94;30;64;29;12;17;1;-;1;74;27;47;-;-;-
Seropédica (RJ);90 anos;48;18;30;18;7;11;9;3;6;-;-;-;21;8;13;-;-;-
Seropédica (RJ);91 anos;49;15;34;26;9;17;5;1;4;-;-;-;18;5;13;-;-;-
Seropédica (RJ);92 anos;40;13;27;17;4;13;7;5;2;-;-;-;16;4;12;-;-;-
Seropédica (RJ);93 anos;26;9;17;12;5;7;1;-;1;-;-;-;13;4;9;-;-;-
Seropédica (RJ);94 anos;35;14;21;21;5;16;7;3;4;1;-;1;6;6;-;-;-;-
Seropédica (RJ);95 a 99 anos;50;10;40;23;5;18;7;1;6;-;-;-;20;4;16;-;-;-
Seropédica (RJ);95 anos;11;-;11;5;-;5;4;-;4;-;-;-;2;-;2;-;-;-
Seropédica (RJ);96 anos;18;7;11;10;3;7;2;1;1;-;-;-;6;3;3;-;-;-
Seropédica (RJ);97 anos;11;3;8;7;2;5;-;-;-;-;-;-;4;1;3;-;-;-
Seropédica (RJ);98 anos;6;-;6;1;-;1;1;-;1;-;-;-;4;-;4;-;-;-
Seropédica (RJ);99 anos;4;-;4;-;-;-;-;-;-;-;-;-;4;-;4;-;-;-
Seropédica (RJ);100 anos ou mais;8;-;8;2;-;2;-;-;-;-;-;-;6;-;6;-;-;-
Silva Jardim (RJ);Total;21352;10542;10810;6814;3301;3513;3822;1916;1906;22;10;12;10675;5307;5368;13;5;8
Silva Jardim (RJ);0 a 4 anos;1358;688;670;492;234;258;178;91;87;1;1;-;685;361;324;1;-;1
Silva Jardim (RJ);Menos de 1 ano;234;107;127;94;42;52;30;14;16;-;-;-;110;51;59;-;-;-
Silva Jardim (RJ);Menos de 1 mês;26;13;13;10;3;7;1;1;-;-;-;-;15;9;6;-;-;-
Silva Jardim (RJ);1 mês;12;5;7;4;2;2;1;-;1;-;-;-;7;3;4;-;-;-
Silva Jardim (RJ);2 meses;18;5;13;6;2;4;1;1;-;-;-;-;11;2;9;-;-;-
Silva Jardim (RJ);3 meses;16;4;12;8;2;6;2;-;2;-;-;-;6;2;4;-;-;-
Silva Jardim (RJ);4 meses;14;4;10;4;1;3;5;1;4;-;-;-;5;2;3;-;-;-
Silva Jardim (RJ);5 meses;22;9;13;8;4;4;2;1;1;-;-;-;12;4;8;-;-;-
Silva Jardim (RJ);6 meses;20;11;9;7;5;2;3;1;2;-;-;-;10;5;5;-;-;-
Silva Jardim (RJ);7 meses;26;14;12;9;5;4;5;3;2;-;-;-;12;6;6;-;-;-
Silva Jardim (RJ);8 meses;29;16;13;14;7;7;3;2;1;-;-;-;12;7;5;-;-;-
Silva Jardim (RJ);9 meses;19;8;11;9;3;6;4;3;1;-;-;-;6;2;4;-;-;-
Silva Jardim (RJ);10 meses;16;9;7;7;4;3;3;1;2;-;-;-;6;4;2;-;-;-
Silva Jardim (RJ);11 meses;16;9;7;8;4;4;-;-;-;-;-;-;8;5;3;-;-;-
Silva Jardim (RJ);1 ano;245;121;124;91;38;53;34;21;13;-;-;-;120;62;58;-;-;-
Silva Jardim (RJ);2 anos;294;147;147;110;55;55;42;22;20;-;-;-;141;69;72;-;-;-
Silva Jardim (RJ);3 anos;257;136;121;86;49;37;29;11;18;-;-;-;142;76;66;-;-;-
Silva Jardim (RJ);4 anos;328;177;151;111;50;61;43;23;20;1;1;-;172;103;69;1;-;1
Silva Jardim (RJ);5 a 9 anos;1511;791;720;495;258;237;227;118;109;3;3;-;784;411;373;1;1;-
Silva Jardim (RJ);5 anos;274;125;149;99;50;49;43;19;24;-;-;-;132;56;76;-;-;-
Silva Jardim (RJ);6 anos;307;153;154;107;53;54;43;24;19;1;1;-;156;75;81;-;-;-
Silva Jardim (RJ);7 anos;316;185;131;111;61;50;47;26;21;2;2;-;156;96;60;-;-;-
Silva Jardim (RJ);8 anos;327;172;155;99;56;43;46;21;25;-;-;-;181;94;87;1;1;-
Silva Jardim (RJ);9 anos;287;156;131;79;38;41;48;28;20;-;-;-;159;90;69;-;-;-
Silva Jardim (RJ);10 a 14 anos;1452;793;659;402;230;172;246;139;107;2;1;1;799;421;378;2;1;1
Silva Jardim (RJ);10 anos;263;140;123;75;40;35;49;29;20;1;1;-;138;70;68;-;-;-
Silva Jardim (RJ);11 anos;285;141;144;84;39;45;46;23;23;-;-;-;154;79;75;1;-;1
Silva Jardim (RJ);12 anos;325;174;151;93;57;36;47;26;21;1;-;1;183;90;93;1;1;-
Silva Jardim (RJ);13 anos;298;177;121;72;47;25;53;31;22;-;-;-;172;98;74;-;-;-
Silva Jardim (RJ);14 anos;281;161;120;78;47;31;51;30;21;-;-;-;152;84;68;-;-;-
Silva Jardim (RJ);15 a 19 anos;1505;776;729;431;207;224;233;120;113;-;-;-;840;449;391;-;-;-
Silva Jardim (RJ);15 anos;315;166;149;87;42;45;34;14;20;-;-;-;194;110;84;-;-;-
Silva Jardim (RJ);16 anos;326;171;155;97;46;51;49;27;22;-;-;-;180;98;82;-;-;-
Silva Jardim (RJ);17 anos;270;148;122;77;40;37;47;29;18;-;-;-;146;79;67;-;-;-
Silva Jardim (RJ);18 anos;320;151;169;89;40;49;59;26;33;-;-;-;171;85;86;-;-;-
Silva Jardim (RJ);19 anos;274;140;134;81;39;42;44;24;20;-;-;-;149;77;72;-;-;-
Silva Jardim (RJ);20 a 24 anos;1611;813;798;446;236;210;322;164;158;2;1;1;840;412;428;1;-;1
Silva Jardim (RJ);20 anos;269;139;130;71;40;31;53;28;25;-;-;-;144;71;73;1;-;1
Silva Jardim (RJ);21 anos;320;160;160;94;53;41;59;28;31;1;-;1;166;79;87;-;-;-
Silva Jardim (RJ);22 anos;375;203;172;108;65;43;78;45;33;1;1;-;188;92;96;-;-;-
Silva Jardim (RJ);23 anos;359;171;188;95;40;55;75;37;38;-;-;-;189;94;95;-;-;-
Silva Jardim (RJ);24 anos;288;140;148;78;38;40;57;26;31;-;-;-;153;76;77;-;-;-
Silva Jardim (RJ);25 a 29 anos;1494;701;793;411;196;215;295;148;147;3;1;2;785;356;429;-;-;-
Silva Jardim (RJ);25 anos;322;137;185;77;35;42;76;40;36;1;-;1;168;62;106;-;-;-
Silva Jardim (RJ);26 anos;313;141;172;85;39;46;57;30;27;-;-;-;171;72;99;-;-;-
Silva Jardim (RJ);27 anos;286;148;138;80;38;42;53;32;21;1;-;1;152;78;74;-;-;-
Silva Jardim (RJ);28 anos;293;139;154;88;44;44;43;17;26;1;1;-;161;77;84;-;-;-
Silva Jardim (RJ);29 anos;280;136;144;81;40;41;66;29;37;-;-;-;133;67;66;-;-;-
Silva Jardim (RJ);30 a 34 anos;1385;646;739;388;186;202;293;138;155;2;1;1;702;321;381;-;-;-
Silva Jardim (RJ);30 anos;287;123;164;80;38;42;46;16;30;1;-;1;160;69;91;-;-;-
Silva Jardim (RJ);31 anos;280;137;143;79;39;40;65;27;38;-;-;-;136;71;65;-;-;-
Silva Jardim (RJ);32 anos;271;125;146;76;39;37;56;24;32;1;1;-;138;61;77;-;-;-
Silva Jardim (RJ);33 anos;256;127;129;84;41;43;50;30;20;-;-;-;122;56;66;-;-;-
Silva Jardim (RJ);34 anos;291;134;157;69;29;40;76;41;35;-;-;-;146;64;82;-;-;-
Silva Jardim (RJ);35 a 39 anos;1545;738;807;442;196;246;318;154;164;1;-;1;780;386;394;2;1;1
Silva Jardim (RJ);35 anos;311;139;172;95;38;57;52;22;30;-;-;-;163;79;84;-;-;-
Silva Jardim (RJ);36 anos;281;134;147;85;36;49;59;29;30;-;-;-;135;68;67;1;-;1
Silva Jardim (RJ);37 anos;307;152;155;80;36;44;64;27;37;-;-;-;163;89;74;-;-;-
Silva Jardim (RJ);38 anos;340;158;182;102;53;49;77;34;43;-;-;-;161;71;90;-;-;-
Silva Jardim (RJ);39 anos;306;155;151;80;33;47;66;42;24;1;-;1;158;79;79;1;1;-
Silva Jardim (RJ);40 a 44 anos;1665;799;866;509;235;274;317;156;161;1;-;1;837;407;430;1;1;-
Silva Jardim (RJ);40 anos;352;174;178;120;60;60;60;30;30;1;-;1;171;84;87;-;-;-
Silva Jardim (RJ);41 anos;314;143;171;89;45;44;59;25;34;-;-;-;166;73;93;-;-;-
Silva Jardim (RJ);42 anos;367;185;182;110;54;56;78;45;33;-;-;-;178;85;93;1;1;-
Silva Jardim (RJ);43 anos;351;163;188;103;42;61;72;37;35;-;-;-;176;84;92;-;-;-
Silva Jardim (RJ);44 anos;281;134;147;87;34;53;48;19;29;-;-;-;146;81;65;-;-;-
Silva Jardim (RJ);45 a 49 anos;1386;669;717;439;213;226;269;148;121;1;1;-;676;307;369;1;-;1
Silva Jardim (RJ);45 anos;303;150;153;85;49;36;68;36;32;-;-;-;149;65;84;1;-;1
Silva Jardim (RJ);46 anos;245;125;120;73;33;40;45;25;20;1;1;-;126;66;60;-;-;-
Silva Jardim (RJ);47 anos;294;135;159;107;48;59;47;30;17;-;-;-;140;57;83;-;-;-
Silva Jardim (RJ);48 anos;256;124;132;86;42;44;56;29;27;-;-;-;114;53;61;-;-;-
Silva Jardim (RJ);49 anos;288;135;153;88;41;47;53;28;25;-;-;-;147;66;81;-;-;-
Silva Jardim (RJ);50 a 54 anos;1412;680;732;467;227;240;288;130;158;2;-;2;655;323;332;-;-;-
Silva Jardim (RJ);50 anos;316;166;150;104;57;47;66;30;36;-;-;-;146;79;67;-;-;-
Silva Jardim (RJ);51 anos;259;122;137;79;37;42;53;24;29;1;-;1;126;61;65;-;-;-
Silva Jardim (RJ);52 anos;289;147;142;99;51;48;56;24;32;-;-;-;134;72;62;-;-;-
Silva Jardim (RJ);53 anos;266;119;147;96;46;50;48;19;29;1;-;1;121;54;67;-;-;-
Silva Jardim (RJ);54 anos;282;126;156;89;36;53;65;33;32;-;-;-;128;57;71;-;-;-
Silva Jardim (RJ);55 a 59 anos;1261;631;630;432;192;240;240;122;118;2;1;1;586;316;270;1;-;1
Silva Jardim (RJ);55 anos;286;147;139;107;46;61;42;25;17;-;-;-;137;76;61;-;-;-
Silva Jardim (RJ);56 anos;265;134;131;82;36;46;53;28;25;1;1;-;128;69;59;1;-;1
Silva Jardim (RJ);57 anos;237;118;119;72;39;33;40;18;22;1;-;1;124;61;63;-;-;-
Silva Jardim (RJ);58 anos;241;117;124;86;37;49;56;25;31;-;-;-;99;55;44;-;-;-
Silva Jardim (RJ);59 anos;232;115;117;85;34;51;49;26;23;-;-;-;98;55;43;-;-;-
Silva Jardim (RJ);60 a 64 anos;1217;578;639;427;206;221;218;107;111;1;-;1;570;265;305;1;-;1
Silva Jardim (RJ);60 anos;286;155;131;98;49;49;60;33;27;1;-;1;127;73;54;-;-;-
Silva Jardim (RJ);61 anos;229;105;124;93;45;48;30;14;16;-;-;-;106;46;60;-;-;-
Silva Jardim (RJ);62 anos;240;108;132;73;34;39;43;23;20;-;-;-;124;51;73;-;-;-
Silva Jardim (RJ);63 anos;247;110;137;85;41;44;47;24;23;-;-;-;114;45;69;1;-;1
Silva Jardim (RJ);64 anos;215;100;115;78;37;41;38;13;25;-;-;-;99;50;49;-;-;-
Silva Jardim (RJ);65 a 69 anos;939;480;459;339;169;170;149;83;66;-;-;-;451;228;223;-;-;-
Silva Jardim (RJ);65 anos;224;103;121;74;25;49;36;19;17;-;-;-;114;59;55;-;-;-
Silva Jardim (RJ);66 anos;184;94;90;70;41;29;21;12;9;-;-;-;93;41;52;-;-;-
Silva Jardim (RJ);67 anos;187;98;89;72;38;34;35;20;15;-;-;-;80;40;40;-;-;-
Silva Jardim (RJ);68 anos;199;109;90;74;41;33;32;18;14;-;-;-;93;50;43;-;-;-
Silva Jardim (RJ);69 anos;145;76;69;49;24;25;25;14;11;-;-;-;71;38;33;-;-;-
Silva Jardim (RJ);70 a 74 anos;679;320;359;269;122;147;102;47;55;1;-;1;306;150;156;1;1;-
Silva Jardim (RJ);70 anos;175;83;92;66;31;35;22;11;11;-;-;-;87;41;46;-;-;-
Silva Jardim (RJ);71 anos;117;48;69;51;23;28;17;5;12;-;-;-;49;20;29;-;-;-
Silva Jardim (RJ);72 anos;125;76;49;46;26;20;21;13;8;-;-;-;57;36;21;1;1;-
Silva Jardim (RJ);73 anos;138;59;79;58;20;38;20;9;11;1;-;1;59;30;29;-;-;-
Silva Jardim (RJ);74 anos;124;54;70;48;22;26;22;9;13;-;-;-;54;23;31;-;-;-
Silva Jardim (RJ);75 a 79 anos;416;202;214;172;83;89;55;22;33;-;-;-;188;97;91;1;-;1
Silva Jardim (RJ);75 anos;104;52;52;41;21;20;14;7;7;-;-;-;48;24;24;1;-;1
Silva Jardim (RJ);76 anos;87;43;44;32;16;16;10;3;7;-;-;-;45;24;21;-;-;-
Silva Jardim (RJ);77 anos;75;29;46;33;10;23;16;6;10;-;-;-;26;13;13;-;-;-
Silva Jardim (RJ);78 anos;68;34;34;30;18;12;8;3;5;-;-;-;30;13;17;-;-;-
Silva Jardim (RJ);79 anos;82;44;38;36;18;18;7;3;4;-;-;-;39;23;16;-;-;-
Silva Jardim (RJ);80 a 84 anos;272;133;139;132;61;71;34;12;22;-;-;-;106;60;46;-;-;-
Silva Jardim (RJ);80 anos;73;41;32;39;21;18;9;4;5;-;-;-;25;16;9;-;-;-
Silva Jardim (RJ);81 anos;54;22;32;19;6;13;5;1;4;-;-;-;30;15;15;-;-;-
Silva Jardim (RJ);82 anos;45;20;25;23;12;11;8;3;5;-;-;-;14;5;9;-;-;-
Silva Jardim (RJ);83 anos;65;34;31;33;14;19;7;2;5;-;-;-;25;18;7;-;-;-
Silva Jardim (RJ);84 anos;35;16;19;18;8;10;5;2;3;-;-;-;12;6;6;-;-;-
Silva Jardim (RJ);85 a 89 anos;151;68;83;72;33;39;23;10;13;-;-;-;56;25;31;-;-;-
Silva Jardim (RJ);85 anos;28;15;13;16;8;8;4;2;2;-;-;-;8;5;3;-;-;-
Silva Jardim (RJ);86 anos;39;17;22;16;7;9;8;3;5;-;-;-;15;7;8;-;-;-
Silva Jardim (RJ);87 anos;38;13;25;23;7;16;-;-;-;-;-;-;15;6;9;-;-;-
Silva Jardim (RJ);88 anos;21;11;10;8;5;3;5;3;2;-;-;-;8;3;5;-;-;-
Silva Jardim (RJ);89 anos;25;12;13;9;6;3;6;2;4;-;-;-;10;4;6;-;-;-
Silva Jardim (RJ);90 a 94 anos;70;27;43;36;11;25;13;6;7;-;-;-;21;10;11;-;-;-
Silva Jardim (RJ);90 anos;28;11;17;15;4;11;3;2;1;-;-;-;10;5;5;-;-;-
Silva Jardim (RJ);91 anos;16;5;11;8;2;6;4;1;3;-;-;-;4;2;2;-;-;-
Silva Jardim (RJ);92 anos;8;3;5;3;1;2;2;-;2;-;-;-;3;2;1;-;-;-
Silva Jardim (RJ);93 anos;11;5;6;6;2;4;3;3;-;-;-;-;2;-;2;-;-;-
Silva Jardim (RJ);94 anos;7;3;4;4;2;2;1;-;1;-;-;-;2;1;1;-;-;-
Silva Jardim (RJ);95 a 99 anos;19;7;12;9;4;5;2;1;1;-;-;-;8;2;6;-;-;-
Silva Jardim (RJ);95 anos;7;2;5;2;1;1;-;-;-;-;-;-;5;1;4;-;-;-
Silva Jardim (RJ);96 anos;2;2;-;1;1;-;1;1;-;-;-;-;-;-;-;-;-;-
Silva Jardim (RJ);97 anos;4;3;1;3;2;1;-;-;-;-;-;-;1;1;-;-;-;-
Silva Jardim (RJ);98 anos;5;-;5;2;-;2;1;-;1;-;-;-;2;-;2;-;-;-
Silva Jardim (RJ);99 anos;1;-;1;1;-;1;-;-;-;-;-;-;-;-;-;-;-;-
Silva Jardim (RJ);100 anos ou mais;4;2;2;4;2;2;-;-;-;-;-;-;-;-;-;-;-;-
Sumidouro (RJ);Total;15206;7741;7465;9890;5007;4883;1518;786;732;4;3;1;3791;1944;1847;3;1;2
Sumidouro (RJ);0 a 4 anos;970;544;426;646;352;294;58;37;21;-;-;-;266;155;111;-;-;-
Sumidouro (RJ);Menos de 1 ano;164;88;76;109;54;55;14;11;3;-;-;-;41;23;18;-;-;-
Sumidouro (RJ);Menos de 1 mês;21;11;10;15;7;8;-;-;-;-;-;-;6;4;2;-;-;-
Sumidouro (RJ);1 mês;18;10;8;12;7;5;-;-;-;-;-;-;6;3;3;-;-;-
Sumidouro (RJ);2 meses;10;5;5;7;2;5;1;1;-;-;-;-;2;2;-;-;-;-
Sumidouro (RJ);3 meses;17;7;10;12;4;8;3;2;1;-;-;-;2;1;1;-;-;-
Sumidouro (RJ);4 meses;13;9;4;9;6;3;2;2;-;-;-;-;2;1;1;-;-;-
Sumidouro (RJ);5 meses;10;5;5;6;3;3;1;1;-;-;-;-;3;1;2;-;-;-
Sumidouro (RJ);6 meses;10;7;3;5;3;2;2;1;1;-;-;-;3;3;-;-;-;-
Sumidouro (RJ);7 meses;17;8;9;11;6;5;1;1;-;-;-;-;5;1;4;-;-;-
Sumidouro (RJ);8 meses;12;7;5;9;6;3;-;-;-;-;-;-;3;1;2;-;-;-
Sumidouro (RJ);9 meses;9;4;5;5;1;4;1;1;-;-;-;-;3;2;1;-;-;-
Sumidouro (RJ);10 meses;17;9;8;12;7;5;1;-;1;-;-;-;4;2;2;-;-;-
Sumidouro (RJ);11 meses;10;6;4;6;2;4;2;2;-;-;-;-;2;2;-;-;-;-
Sumidouro (RJ);1 ano;190;94;96;129;60;69;9;4;5;-;-;-;52;30;22;-;-;-
Sumidouro (RJ);2 anos;199;109;90;133;72;61;10;3;7;-;-;-;56;34;22;-;-;-
Sumidouro (RJ);3 anos;204;121;83;136;79;57;12;9;3;-;-;-;56;33;23;-;-;-
Sumidouro (RJ);4 anos;213;132;81;139;87;52;13;10;3;-;-;-;61;35;26;-;-;-
Sumidouro (RJ);5 a 9 anos;969;523;446;620;341;279;76;47;29;-;-;-;273;135;138;-;-;-
Sumidouro (RJ);5 anos;190;98;92;122;59;63;17;12;5;-;-;-;51;27;24;-;-;-
Sumidouro (RJ);6 anos;194;109;85;123;69;54;13;7;6;-;-;-;58;33;25;-;-;-
Sumidouro (RJ);7 anos;213;116;97;130;75;55;16;12;4;-;-;-;67;29;38;-;-;-
Sumidouro (RJ);8 anos;181;93;88;119;64;55;18;7;11;-;-;-;44;22;22;-;-;-
Sumidouro (RJ);9 anos;191;107;84;126;74;52;12;9;3;-;-;-;53;24;29;-;-;-
Sumidouro (RJ);10 a 14 anos;948;488;460;578;301;277;86;36;50;-;-;-;284;151;133;-;-;-
Sumidouro (RJ);10 anos;207;110;97;135;73;62;18;7;11;-;-;-;54;30;24;-;-;-
Sumidouro (RJ);11 anos;160;83;77;93;51;42;14;4;10;-;-;-;53;28;25;-;-;-
Sumidouro (RJ);12 anos;205;104;101;118;62;56;21;8;13;-;-;-;66;34;32;-;-;-
Sumidouro (RJ);13 anos;187;92;95;113;57;56;17;8;9;-;-;-;57;27;30;-;-;-
Sumidouro (RJ);14 anos;189;99;90;119;58;61;16;9;7;-;-;-;54;32;22;-;-;-
Sumidouro (RJ);15 a 19 anos;958;492;466;570;291;279;103;54;49;-;-;-;285;147;138;-;-;-
Sumidouro (RJ);15 anos;199;103;96;116;57;59;25;11;14;-;-;-;58;35;23;-;-;-
Sumidouro (RJ);16 anos;194;100;94;113;57;56;19;11;8;-;-;-;62;32;30;-;-;-
Sumidouro (RJ);17 anos;188;96;92;113;58;55;18;7;11;-;-;-;57;31;26;-;-;-
Sumidouro (RJ);18 anos;178;92;86;111;59;52;16;10;6;-;-;-;51;23;28;-;-;-
Sumidouro (RJ);19 anos;199;101;98;117;60;57;25;15;10;-;-;-;57;26;31;-;-;-
Sumidouro (RJ);20 a 24 anos;1069;551;518;626;319;307;133;77;56;-;-;-;310;155;155;-;-;-
Sumidouro (RJ);20 anos;214;114;100;129;67;62;30;15;15;-;-;-;55;32;23;-;-;-
Sumidouro (RJ);21 anos;214;111;103;129;70;59;31;17;14;-;-;-;54;24;30;-;-;-
Sumidouro (RJ);22 anos;215;102;113;130;62;68;19;9;10;-;-;-;66;31;35;-;-;-
Sumidouro (RJ);23 anos;199;107;92;111;57;54;28;17;11;-;-;-;60;33;27;-;-;-
Sumidouro (RJ);24 anos;227;117;110;127;63;64;25;19;6;-;-;-;75;35;40;-;-;-
Sumidouro (RJ);25 a 29 anos;1160;563;597;748;350;398;110;59;51;1;1;-;301;153;148;-;-;-
Sumidouro (RJ);25 anos;229;116;113;148;75;73;18;11;7;-;-;-;63;30;33;-;-;-
Sumidouro (RJ);26 anos;252;125;127;171;80;91;23;14;9;-;-;-;58;31;27;-;-;-
Sumidouro (RJ);27 anos;230;110;120;149;69;80;24;9;15;1;1;-;56;31;25;-;-;-
Sumidouro (RJ);28 anos;249;117;132;156;70;86;29;15;14;-;-;-;64;32;32;-;-;-
Sumidouro (RJ);29 anos;200;95;105;124;56;68;16;10;6;-;-;-;60;29;31;-;-;-
Sumidouro (RJ);30 a 34 anos;1117;580;537;727;387;340;105;46;59;-;-;-;285;147;138;-;-;-
Sumidouro (RJ);30 anos;211;100;111;141;68;73;19;8;11;-;-;-;51;24;27;-;-;-
Sumidouro (RJ);31 anos;204;114;90;127;76;51;20;9;11;-;-;-;57;29;28;-;-;-
Sumidouro (RJ);32 anos;252;129;123;162;79;83;24;13;11;-;-;-;66;37;29;-;-;-
Sumidouro (RJ);33 anos;250;134;116;162;93;69;26;10;16;-;-;-;62;31;31;-;-;-
Sumidouro (RJ);34 anos;200;103;97;135;71;64;16;6;10;-;-;-;49;26;23;-;-;-
Sumidouro (RJ);35 a 39 anos;1175;570;605;763;376;387;135;62;73;-;-;-;277;132;145;-;-;-
Sumidouro (RJ);35 anos;214;98;116;135;60;75;33;14;19;-;-;-;46;24;22;-;-;-
Sumidouro (RJ);36 anos;272;124;148;178;87;91;23;9;14;-;-;-;71;28;43;-;-;-
Sumidouro (RJ);37 anos;227;101;126;151;73;78;22;10;12;-;-;-;54;18;36;-;-;-
Sumidouro (RJ);38 anos;235;136;99;146;85;61;27;12;15;-;-;-;62;39;23;-;-;-
Sumidouro (RJ);39 anos;227;111;116;153;71;82;30;17;13;-;-;-;44;23;21;-;-;-
Sumidouro (RJ);40 a 44 anos;1292;644;648;836;409;427;159;76;83;-;-;-;296;159;137;1;-;1
Sumidouro (RJ);40 anos;297;145;152;186;81;105;39;19;20;-;-;-;71;45;26;1;-;1
Sumidouro (RJ);41 anos;255;135;120;166;91;75;36;18;18;-;-;-;53;26;27;-;-;-
Sumidouro (RJ);42 anos;259;129;130;169;83;86;25;13;12;-;-;-;65;33;32;-;-;-
Sumidouro (RJ);43 anos;233;116;117;147;70;77;37;19;18;-;-;-;49;27;22;-;-;-
Sumidouro (RJ);44 anos;248;119;129;168;84;84;22;7;15;-;-;-;58;28;30;-;-;-
Sumidouro (RJ);45 a 49 anos;997;502;495;633;316;317;115;63;52;-;-;-;249;123;126;-;-;-
Sumidouro (RJ);45 anos;209;94;115;128;59;69;28;13;15;-;-;-;53;22;31;-;-;-
Sumidouro (RJ);46 anos;198;109;89;118;64;54;24;14;10;-;-;-;56;31;25;-;-;-
Sumidouro (RJ);47 anos;207;108;99;130;70;60;24;14;10;-;-;-;53;24;29;-;-;-
Sumidouro (RJ);48 anos;183;99;84;117;65;52;20;11;9;-;-;-;46;23;23;-;-;-
Sumidouro (RJ);49 anos;200;92;108;140;58;82;19;11;8;-;-;-;41;23;18;-;-;-
Sumidouro (RJ);50 a 54 anos;1081;550;531;712;355;357;115;64;51;-;-;-;254;131;123;-;-;-
Sumidouro (RJ);50 anos;241;116;125;168;76;92;22;14;8;-;-;-;51;26;25;-;-;-
Sumidouro (RJ);51 anos;211;109;102;144;72;72;14;10;4;-;-;-;53;27;26;-;-;-
Sumidouro (RJ);52 anos;203;104;99;129;66;63;24;15;9;-;-;-;50;23;27;-;-;-
Sumidouro (RJ);53 anos;231;116;115;143;73;70;31;15;16;-;-;-;57;28;29;-;-;-
Sumidouro (RJ);54 anos;195;105;90;128;68;60;24;10;14;-;-;-;43;27;16;-;-;-
Sumidouro (RJ);55 a 59 anos;1004;508;496;686;340;346;103;59;44;1;1;-;214;108;106;-;-;-
Sumidouro (RJ);55 anos;203;97;106;142;65;77;27;16;11;-;-;-;34;16;18;-;-;-
Sumidouro (RJ);56 anos;200;105;95;137;74;63;20;11;9;-;-;-;43;20;23;-;-;-
Sumidouro (RJ);57 anos;196;97;99;124;57;67;14;9;5;-;-;-;58;31;27;-;-;-
Sumidouro (RJ);58 anos;206;105;101;138;67;71;17;11;6;-;-;-;51;27;24;-;-;-
Sumidouro (RJ);59 anos;199;104;95;145;77;68;25;12;13;1;1;-;28;14;14;-;-;-
Sumidouro (RJ);60 a 64 anos;826;422;404;558;287;271;74;41;33;1;-;1;192;94;98;1;-;1
Sumidouro (RJ);60 anos;193;90;103;131;59;72;21;15;6;-;-;-;40;16;24;1;-;1
Sumidouro (RJ);61 anos;168;89;79;122;61;61;14;8;6;-;-;-;32;20;12;-;-;-
Sumidouro (RJ);62 anos;185;85;100;124;62;62;7;2;5;-;-;-;54;21;33;-;-;-
Sumidouro (RJ);63 anos;148;83;65;93;55;38;15;6;9;1;-;1;39;22;17;-;-;-
Sumidouro (RJ);64 anos;132;75;57;88;50;38;17;10;7;-;-;-;27;15;12;-;-;-
Sumidouro (RJ);65 a 69 anos;651;329;322;465;233;232;56;28;28;-;-;-;130;68;62;-;-;-
Sumidouro (RJ);65 anos;159;81;78;118;57;61;14;7;7;-;-;-;27;17;10;-;-;-
Sumidouro (RJ);66 anos;148;84;64;116;66;50;6;4;2;-;-;-;26;14;12;-;-;-
Sumidouro (RJ);67 anos;126;60;66;87;41;46;13;8;5;-;-;-;26;11;15;-;-;-
Sumidouro (RJ);68 anos;122;59;63;80;37;43;8;4;4;-;-;-;34;18;16;-;-;-
Sumidouro (RJ);69 anos;96;45;51;64;32;32;15;5;10;-;-;-;17;8;9;-;-;-
Sumidouro (RJ);70 a 74 anos;444;217;227;315;157;158;41;19;22;1;1;-;86;39;47;1;1;-
Sumidouro (RJ);70 anos;101;55;46;69;32;37;11;9;2;-;-;-;21;14;7;-;-;-
Sumidouro (RJ);71 anos;88;41;47;61;28;33;8;2;6;-;-;-;19;11;8;-;-;-
Sumidouro (RJ);72 anos;78;39;39;58;30;28;9;5;4;-;-;-;11;4;7;-;-;-
Sumidouro (RJ);73 anos;95;41;54;66;33;33;10;2;8;-;-;-;19;6;13;-;-;-
Sumidouro (RJ);74 anos;82;41;41;61;34;27;3;1;2;1;1;-;16;4;12;1;1;-
Sumidouro (RJ);75 a 79 anos;269;137;132;202;100;102;19;10;9;-;-;-;48;27;21;-;-;-
Sumidouro (RJ);75 anos;60;37;23;45;29;16;5;3;2;-;-;-;10;5;5;-;-;-
Sumidouro (RJ);76 anos;51;25;26;39;16;23;3;2;1;-;-;-;9;7;2;-;-;-
Sumidouro (RJ);77 anos;57;28;29;40;17;23;3;2;1;-;-;-;14;9;5;-;-;-
Sumidouro (RJ);78 anos;47;18;29;35;15;20;3;1;2;-;-;-;9;2;7;-;-;-
Sumidouro (RJ);79 anos;54;29;25;43;23;20;5;2;3;-;-;-;6;4;2;-;-;-
Sumidouro (RJ);80 a 84 anos;142;60;82;102;44;58;18;5;13;-;-;-;22;11;11;-;-;-
Sumidouro (RJ);80 anos;35;12;23;25;9;16;5;-;5;-;-;-;5;3;2;-;-;-
Sumidouro (RJ);81 anos;39;20;19;32;16;16;2;2;-;-;-;-;5;2;3;-;-;-
Sumidouro (RJ);82 anos;21;9;12;13;6;7;4;2;2;-;-;-;4;1;3;-;-;-
Sumidouro (RJ);83 anos;25;11;14;19;9;10;2;-;2;-;-;-;4;2;2;-;-;-
Sumidouro (RJ);84 anos;22;8;14;13;4;9;5;1;4;-;-;-;4;3;1;-;-;-
Sumidouro (RJ);85 a 89 anos;99;46;53;76;38;38;8;1;7;-;-;-;15;7;8;-;-;-
Sumidouro (RJ);85 anos;26;9;17;20;8;12;2;1;1;-;-;-;4;-;4;-;-;-
Sumidouro (RJ);86 anos;17;7;10;12;5;7;2;-;2;-;-;-;3;2;1;-;-;-
Sumidouro (RJ);87 anos;17;7;10;15;6;9;1;-;1;-;-;-;1;1;-;-;-;-
Sumidouro (RJ);88 anos;18;11;7;14;11;3;2;-;2;-;-;-;2;-;2;-;-;-
Sumidouro (RJ);89 anos;21;12;9;15;8;7;1;-;1;-;-;-;5;4;1;-;-;-
Sumidouro (RJ);90 a 94 anos;23;11;12;17;8;9;2;1;1;-;-;-;4;2;2;-;-;-
Sumidouro (RJ);90 anos;5;3;2;2;1;1;2;1;1;-;-;-;1;1;-;-;-;-
Sumidouro (RJ);91 anos;7;5;2;6;4;2;-;-;-;-;-;-;1;1;-;-;-;-
Sumidouro (RJ);92 anos;3;1;2;3;1;2;-;-;-;-;-;-;-;-;-;-;-;-
Sumidouro (RJ);93 anos;6;2;4;4;2;2;-;-;-;-;-;-;2;-;2;-;-;-
Sumidouro (RJ);94 anos;2;-;2;2;-;2;-;-;-;-;-;-;-;-;-;-;-;-
Sumidouro (RJ);95 a 99 anos;10;3;7;9;2;7;1;1;-;-;-;-;-;-;-;-;-;-
Sumidouro (RJ);95 anos;3;-;3;3;-;3;-;-;-;-;-;-;-;-;-;-;-;-
Sumidouro (RJ);96 anos;3;2;1;2;1;1;1;1;-;-;-;-;-;-;-;-;-;-
Sumidouro (RJ);97 anos;4;1;3;4;1;3;-;-;-;-;-;-;-;-;-;-;-;-
Sumidouro (RJ);98 anos;-;-;-;-;-;-;-;-;-;-;-;-;-;-;-;-;-;-
Sumidouro (RJ);99 anos;-;-;-;-;-;-;-;-;-;-;-;-;-;-;-;-;-;-
Sumidouro (RJ);100 anos ou mais;2;1;1;1;1;-;1;-;1;-;-;-;-;-;-;-;-;-
Tanguá (RJ);Total;31086;15135;15951;8362;3988;4374;4948;2430;2518;45;13;32;17700;8690;9010;31;14;17
Tanguá (RJ);0 a 4 anos;1926;943;983;608;305;303;209;112;97;6;3;3;1101;522;579;2;1;1
Tanguá (RJ);Menos de 1 ano;346;158;188;128;58;70;37;16;21;-;-;-;180;84;96;1;-;1
Tanguá (RJ);Menos de 1 mês;29;14;15;10;6;4;6;3;3;-;-;-;13;5;8;-;-;-
Tanguá (RJ);1 mês;21;9;12;6;3;3;3;1;2;-;-;-;12;5;7;-;-;-
Tanguá (RJ);2 meses;21;8;13;11;3;8;-;-;-;-;-;-;9;5;4;1;-;1
Tanguá (RJ);3 meses;25;8;17;9;2;7;3;1;2;-;-;-;13;5;8;-;-;-
Tanguá (RJ);4 meses;41;19;22;18;8;10;3;2;1;-;-;-;20;9;11;-;-;-
Tanguá (RJ);5 meses;25;11;14;10;2;8;3;1;2;-;-;-;12;8;4;-;-;-
Tanguá (RJ);6 meses;31;15;16;12;7;5;3;2;1;-;-;-;16;6;10;-;-;-
Tanguá (RJ);7 meses;33;17;16;12;4;8;3;1;2;-;-;-;18;12;6;-;-;-
Tanguá (RJ);8 meses;36;13;23;9;5;4;4;2;2;-;-;-;23;6;17;-;-;-
Tanguá (RJ);9 meses;24;13;11;11;6;5;3;-;3;-;-;-;10;7;3;-;-;-
Tanguá (RJ);10 meses;29;11;18;10;5;5;3;1;2;-;-;-;16;5;11;-;-;-
Tanguá (RJ);11 meses;31;20;11;10;7;3;3;2;1;-;-;-;18;11;7;-;-;-
Tanguá (RJ);1 ano;340;183;157;110;63;47;37;20;17;3;2;1;190;98;92;-;-;-
Tanguá (RJ);2 anos;373;181;192;123;61;62;47;22;25;3;1;2;199;96;103;1;1;-
Tanguá (RJ);3 anos;419;206;213;118;66;52;43;28;15;-;-;-;258;112;146;-;-;-
Tanguá (RJ);4 anos;448;215;233;129;57;72;45;26;19;-;-;-;274;132;142;-;-;-
Tanguá (RJ);5 a 9 anos;2231;1123;1108;604;303;301;260;123;137;1;-;1;1361;697;664;5;-;5
Tanguá (RJ);5 anos;396;193;203;108;54;54;40;23;17;1;-;1;247;116;131;-;-;-
Tanguá (RJ);6 anos;478;260;218;143;78;65;52;26;26;-;-;-;281;156;125;2;-;2
Tanguá (RJ);7 anos;492;241;251;139;65;74;55;26;29;-;-;-;297;150;147;1;-;1
Tanguá (RJ);8 anos;459;240;219;129;68;61;55;27;28;-;-;-;275;145;130;-;-;-
Tanguá (RJ);9 anos;406;189;217;85;38;47;58;21;37;-;-;-;261;130;131;2;-;2
Tanguá (RJ);10 a 14 anos;1995;1027;968;471;255;216;262;136;126;2;1;1;1258;633;625;2;2;-
Tanguá (RJ);10 anos;384;198;186;93;46;47;49;27;22;-;-;-;242;125;117;-;-;-
Tanguá (RJ);11 anos;409;209;200;103;55;48;57;34;23;1;-;1;248;120;128;-;-;-
Tanguá (RJ);12 anos;428;217;211;87;48;39;56;26;30;-;-;-;285;143;142;-;-;-
Tanguá (RJ);13 anos;390;200;190;92;53;39;51;26;25;1;1;-;246;120;126;-;-;-
Tanguá (RJ);14 anos;384;203;181;96;53;43;49;23;26;-;-;-;237;125;112;2;2;-
Tanguá (RJ);15 a 19 anos;2027;1053;974;501;254;247;351;186;165;3;-;3;1170;613;557;2;-;2
Tanguá (RJ);15 anos;383;208;175;102;52;50;55;31;24;-;-;-;226;125;101;-;-;-
Tanguá (RJ);16 anos;447;218;229;119;64;55;70;33;37;1;-;1;255;121;134;2;-;2
Tanguá (RJ);17 anos;395;222;173;86;49;37;77;46;31;-;-;-;232;127;105;-;-;-
Tanguá (RJ);18 anos;388;212;176;98;52;46;71;39;32;2;-;2;217;121;96;-;-;-
Tanguá (RJ);19 anos;414;193;221;96;37;59;78;37;41;-;-;-;240;119;121;-;-;-
Tanguá (RJ);20 a 24 anos;2342;1075;1267;530;232;298;401;191;210;6;3;3;1402;648;754;3;1;2
Tanguá (RJ);20 anos;441;184;257;102;40;62;70;26;44;1;-;1;266;118;148;2;-;2
Tanguá (RJ);21 anos;443;202;241;101;49;52;85;42;43;-;-;-;257;111;146;-;-;-
Tanguá (RJ);22 anos;490;236;254;112;47;65;85;33;52;3;3;-;290;153;137;-;-;-
Tanguá (RJ);23 anos;496;231;265;109;40;69;88;48;40;-;-;-;298;142;156;1;1;-
Tanguá (RJ);24 anos;472;222;250;106;56;50;73;42;31;2;-;2;291;124;167;-;-;-
Tanguá (RJ);25 a 29 anos;2206;1042;1164;548;258;290;396;180;216;1;-;1;1261;604;657;-;-;-
Tanguá (RJ);25 anos;477;219;258;115;53;62;88;37;51;1;-;1;273;129;144;-;-;-
Tanguá (RJ);26 anos;432;187;245;98;44;54;86;35;51;-;-;-;248;108;140;-;-;-
Tanguá (RJ);27 anos;443;206;237;125;60;65;78;39;39;-;-;-;240;107;133;-;-;-
Tanguá (RJ);28 anos;453;245;208;113;54;59;81;38;43;-;-;-;259;153;106;-;-;-
Tanguá (RJ);29 anos;401;185;216;97;47;50;63;31;32;-;-;-;241;107;134;-;-;-
Tanguá (RJ);30 a 34 anos;2123;1010;1113;542;241;301;376;181;195;2;-;2;1201;587;614;2;1;1
Tanguá (RJ);30 anos;473;227;246;127;57;70;83;40;43;-;-;-;262;129;133;1;1;-
Tanguá (RJ);31 anos;419;204;215;103;47;56;74;34;40;1;-;1;241;123;118;-;-;-
Tanguá (RJ);32 anos;444;207;237;123;52;71;58;32;26;-;-;-;263;123;140;-;-;-
Tanguá (RJ);33 anos;395;179;216;93;37;56;76;36;40;1;-;1;224;106;118;1;-;1
Tanguá (RJ);34 anos;392;193;199;96;48;48;85;39;46;-;-;-;211;106;105;-;-;-
Tanguá (RJ);35 a 39 anos;2205;1088;1117;579;295;284;367;187;180;2;-;2;1254;604;650;3;2;1
Tanguá (RJ);35 anos;503;245;258;143;71;72;79;37;42;-;-;-;281;137;144;-;-;-
Tanguá (RJ);36 anos;436;206;230;118;52;66;66;32;34;-;-;-;251;122;129;1;-;1
Tanguá (RJ);37 anos;387;196;191;89;51;38;68;41;27;1;-;1;229;104;125;-;-;-
Tanguá (RJ);38 anos;483;242;241;126;64;62;77;41;36;-;-;-;280;137;143;-;-;-
Tanguá (RJ);39 anos;396;199;197;103;57;46;77;36;41;1;-;1;213;104;109;2;2;-
Tanguá (RJ);40 a 44 anos;2610;1289;1321;680;337;343;479;247;232;3;2;1;1445;701;744;3;2;1
Tanguá (RJ);40 anos;634;311;323;157;79;78;127;64;63;1;-;1;348;168;180;1;-;1
Tanguá (RJ);41 anos;492;226;266;142;75;67;85;34;51;-;-;-;265;117;148;-;-;-
Tanguá (RJ);42 anos;538;246;292;142;58;84;111;64;47;-;-;-;285;124;161;-;-;-
Tanguá (RJ);43 anos;489;278;211;119;66;53;97;58;39;2;2;-;269;150;119;2;2;-
Tanguá (RJ);44 anos;457;228;229;120;59;61;59;27;32;-;-;-;278;142;136;-;-;-
Tanguá (RJ);45 a 49 anos;2273;1102;1171;571;253;318;360;185;175;3;-;3;1338;663;675;1;1;-
Tanguá (RJ);45 anos;551;285;266;141;71;70;75;45;30;2;-;2;333;169;164;-;-;-
Tanguá (RJ);46 anos;426;196;230;107;37;70;71;38;33;-;-;-;247;120;127;1;1;-
Tanguá (RJ);47 anos;468;217;251;108;51;57;76;33;43;1;-;1;283;133;150;-;-;-
Tanguá (RJ);48 anos;405;196;209;103;45;58;73;36;37;-;-;-;229;115;114;-;-;-
Tanguá (RJ);49 anos;423;208;215;112;49;63;65;33;32;-;-;-;246;126;120;-;-;-
Tanguá (RJ);50 a 54 anos;2183;1060;1123;576;262;314;357;188;169;-;-;-;1249;610;639;1;-;1
Tanguá (RJ);50 anos;559;295;264;131;64;67;94;56;38;-;-;-;334;175;159;-;-;-
Tanguá (RJ);51 anos;427;194;233;116;55;61;79;35;44;-;-;-;232;104;128;-;-;-
Tanguá (RJ);52 anos;432;207;225;125;62;63;72;35;37;-;-;-;235;110;125;-;-;-
Tanguá (RJ);53 anos;398;174;224;98;33;65;53;23;30;-;-;-;246;118;128;1;-;1
Tanguá (RJ);54 anos;367;190;177;106;48;58;59;39;20;-;-;-;202;103;99;-;-;-
Tanguá (RJ);55 a 59 anos;1860;876;984;515;232;283;295;133;162;2;1;1;1047;510;537;1;-;1
Tanguá (RJ);55 anos;413;191;222;101;45;56;70;25;45;-;-;-;242;121;121;-;-;-
Tanguá (RJ);56 anos;384;183;201;101;42;59;65;34;31;2;1;1;216;106;110;-;-;-
Tanguá (RJ);57 anos;377;175;202;111;55;56;53;23;30;-;-;-;212;97;115;1;-;1
Tanguá (RJ);58 anos;365;174;191;105;46;59;57;25;32;-;-;-;203;103;100;-;-;-
Tanguá (RJ);59 anos;321;153;168;97;44;53;50;26;24;-;-;-;174;83;91;-;-;-
Tanguá (RJ);60 a 64 anos;1636;795;841;509;250;259;251;120;131;3;-;3;872;425;447;1;-;1
Tanguá (RJ);60 anos;404;201;203;123;65;58;53;27;26;1;-;1;227;109;118;-;-;-
Tanguá (RJ);61 anos;318;150;168;91;42;49;54;26;28;-;-;-;173;82;91;-;-;-
Tanguá (RJ);62 anos;324;151;173;104;49;55;50;24;26;1;-;1;169;78;91;-;-;-
Tanguá (RJ);63 anos;312;156;156;100;51;49;49;22;27;-;-;-;162;83;79;1;-;1
Tanguá (RJ);64 anos;278;137;141;91;43;48;45;21;24;1;-;1;141;73;68;-;-;-
Tanguá (RJ);65 a 69 anos;1319;652;667;385;170;215;200;90;110;4;1;3;726;387;339;4;4;-
Tanguá (RJ);65 anos;339;176;163;98;46;52;45;22;23;2;-;2;194;108;86;-;-;-
Tanguá (RJ);66 anos;257;121;136;61;23;38;45;17;28;-;-;-;150;80;70;1;1;-
Tanguá (RJ);67 anos;250;129;121;85;43;42;35;19;16;1;1;-;128;65;63;1;1;-
Tanguá (RJ);68 anos;253;110;143;65;24;41;42;17;25;1;-;1;143;67;76;2;2;-
Tanguá (RJ);69 anos;220;116;104;76;34;42;33;15;18;-;-;-;111;67;44;-;-;-
Tanguá (RJ);70 a 74 anos;947;461;486;307;145;162;161;72;89;1;-;1;478;244;234;-;-;-
Tanguá (RJ);70 anos;262;119;143;82;34;48;47;18;29;-;-;-;133;67;66;-;-;-
Tanguá (RJ);71 anos;175;83;92;48;21;27;30;12;18;-;-;-;97;50;47;-;-;-
Tanguá (RJ);72 anos;208;111;97;71;41;30;28;14;14;1;-;1;108;56;52;-;-;-
Tanguá (RJ);73 anos;151;67;84;52;23;29;29;12;17;-;-;-;70;32;38;-;-;-
Tanguá (RJ);74 anos;151;81;70;54;26;28;27;16;11;-;-;-;70;39;31;-;-;-
Tanguá (RJ);75 a 79 anos;581;268;313;194;95;99;114;50;64;3;2;1;270;121;149;-;-;-
Tanguá (RJ);75 anos;139;63;76;44;21;23;30;14;16;2;1;1;63;27;36;-;-;-
Tanguá (RJ);76 anos;128;58;70;45;24;21;27;13;14;-;-;-;56;21;35;-;-;-
Tanguá (RJ);77 anos;104;50;54;40;20;20;18;9;9;-;-;-;46;21;25;-;-;-
Tanguá (RJ);78 anos;115;59;56;39;21;18;20;9;11;1;1;-;55;28;27;-;-;-
Tanguá (RJ);79 anos;95;38;57;26;9;17;19;5;14;-;-;-;50;24;26;-;-;-
Tanguá (RJ);80 a 84 anos;354;147;207;132;55;77;60;26;34;2;-;2;159;66;93;1;-;1
Tanguá (RJ);80 anos;97;40;57;28;11;17;17;7;10;-;-;-;52;22;30;-;-;-
Tanguá (RJ);81 anos;78;32;46;32;18;14;16;5;11;-;-;-;29;9;20;1;-;1
Tanguá (RJ);82 anos;69;28;41;33;12;21;11;4;7;1;-;1;24;12;12;-;-;-
Tanguá (RJ);83 anos;65;28;37;23;6;17;9;8;1;-;-;-;33;14;19;-;-;-
Tanguá (RJ);84 anos;45;19;26;16;8;8;7;2;5;1;-;1;21;9;12;-;-;-
Tanguá (RJ);85 a 89 anos;183;87;96;69;31;38;38;18;20;-;-;-;76;38;38;-;-;-
Tanguá (RJ);85 anos;57;26;31;17;7;10;11;5;6;-;-;-;29;14;15;-;-;-
Tanguá (RJ);86 anos;42;18;24;16;7;9;10;3;7;-;-;-;16;8;8;-;-;-
Tanguá (RJ);87 anos;35;21;14;14;6;8;7;4;3;-;-;-;14;11;3;-;-;-
Tanguá (RJ);88 anos;22;10;12;5;4;1;7;4;3;-;-;-;10;2;8;-;-;-
Tanguá (RJ);89 anos;27;12;15;17;7;10;3;2;1;-;-;-;7;3;4;-;-;-
Tanguá (RJ);90 a 94 anos;68;31;37;29;11;18;10;5;5;1;-;1;28;15;13;-;-;-
Tanguá (RJ);90 anos;17;6;11;8;2;6;1;-;1;-;-;-;8;4;4;-;-;-
Tanguá (RJ);91 anos;26;12;14;11;5;6;5;1;4;-;-;-;10;6;4;-;-;-
Tanguá (RJ);92 anos;12;6;6;8;4;4;-;-;-;1;-;1;3;2;1;-;-;-
Tanguá (RJ);93 anos;10;6;4;1;-;1;4;4;-;-;-;-;5;2;3;-;-;-
Tanguá (RJ);94 anos;3;1;2;1;-;1;-;-;-;-;-;-;2;1;1;-;-;-
Tanguá (RJ);95 a 99 anos;14;6;8;11;4;7;-;-;-;-;-;-;3;2;1;-;-;-
Tanguá (RJ);95 anos;4;1;3;2;-;2;-;-;-;-;-;-;2;1;1;-;-;-
Tanguá (RJ);96 anos;4;2;2;4;2;2;-;-;-;-;-;-;-;-;-;-;-;-
Tanguá (RJ);97 anos;1;-;1;1;-;1;-;-;-;-;-;-;-;-;-;-;-;-
Tanguá (RJ);98 anos;4;2;2;3;1;2;-;-;-;-;-;-;1;1;-;-;-;-
Tanguá (RJ);99 anos;1;1;-;1;1;-;-;-;-;-;-;-;-;-;-;-;-;-
Tanguá (RJ);100 anos ou mais;3;-;3;1;-;1;1;-;1;-;-;-;1;-;1;-;-;-
Teresópolis (RJ);Total;165123;78469;86654;97870;45219;52651;16860;8363;8497;399;187;212;49854;24635;25219;135;62;73
Teresópolis (RJ);0 a 4 anos;9087;4506;4581;5540;2699;2841;576;279;297;9;4;5;2957;1521;1436;5;3;2
Teresópolis (RJ);Menos de 1 ano;1620;796;824;1038;506;532;106;49;57;1;1;-;475;240;235;-;-;-
Teresópolis (RJ);Menos de 1 mês;132;57;75;84;35;49;11;7;4;-;-;-;37;15;22;-;-;-
Teresópolis (RJ);1 mês;123;72;51;79;48;31;9;4;5;-;-;-;35;20;15;-;-;-
Teresópolis (RJ);2 meses;127;62;65;80;40;40;8;2;6;-;-;-;39;20;19;-;-;-
Teresópolis (RJ);3 meses;143;71;72;94;44;50;7;2;5;-;-;-;42;25;17;-;-;-
Teresópolis (RJ);4 meses;155;71;84;103;48;55;9;3;6;-;-;-;43;20;23;-;-;-
Teresópolis (RJ);5 meses;111;51;60;74;35;39;7;4;3;-;-;-;30;12;18;-;-;-
Teresópolis (RJ);6 meses;140;71;69;91;52;39;10;4;6;-;-;-;39;15;24;-;-;-
Teresópolis (RJ);7 meses;152;76;76;105;52;53;6;3;3;-;-;-;41;21;20;-;-;-
Teresópolis (RJ);8 meses;131;59;72;82;36;46;7;4;3;-;-;-;42;19;23;-;-;-
Teresópolis (RJ);9 meses;153;82;71;87;40;47;11;6;5;-;-;-;55;36;19;-;-;-
Teresópolis (RJ);10 meses;125;63;62;84;38;46;9;5;4;1;1;-;31;19;12;-;-;-
Teresópolis (RJ);11 meses;128;61;67;75;38;37;12;5;7;-;-;-;41;18;23;-;-;-
Teresópolis (RJ);1 ano;1635;828;807;961;465;496;109;49;60;-;-;-;565;314;251;-;-;-
Teresópolis (RJ);2 anos;1897;942;955;1160;566;594;134;63;71;2;-;2;601;313;288;-;-;-
Teresópolis (RJ);3 anos;1882;929;953;1142;555;587;100;51;49;6;3;3;629;317;312;5;3;2
Teresópolis (RJ);4 anos;2053;1011;1042;1239;607;632;127;67;60;-;-;-;687;337;350;-;-;-
Teresópolis (RJ);5 a 9 anos;10171;5250;4921;5703;2927;2776;847;439;408;15;5;10;3602;1877;1725;4;2;2
Teresópolis (RJ);5 anos;1958;1011;947;1145;580;565;143;77;66;2;1;1;668;353;315;-;-;-
Teresópolis (RJ);6 anos;2002;1018;984;1107;567;540;173;78;95;1;-;1;720;373;347;1;-;1
Teresópolis (RJ);7 anos;2052;1071;981;1155;607;548;176;97;79;4;1;3;716;366;350;1;-;1
Teresópolis (RJ);8 anos;2023;1067;956;1102;583;519;177;91;86;4;2;2;739;390;349;1;1;-
Teresópolis (RJ);9 anos;2136;1083;1053;1194;590;604;178;96;82;4;1;3;759;395;364;1;1;-
Teresópolis (RJ);10 a 14 anos;9931;4992;4939;5508;2727;2781;829;446;383;14;5;9;3573;1809;1764;7;5;2
Teresópolis (RJ);10 anos;1994;1012;982;1109;551;558;167;87;80;1;1;-;715;371;344;2;2;-
Teresópolis (RJ);11 anos;1992;1025;967;1110;568;542;145;78;67;1;-;1;735;378;357;1;1;-
Teresópolis (RJ);12 anos;2015;1031;984;1117;561;556;169;101;68;3;1;2;725;367;358;1;1;-
Teresópolis (RJ);13 anos;1978;981;997;1085;509;576;170;102;68;5;2;3;717;367;350;1;1;-
Teresópolis (RJ);14 anos;1952;943;1009;1087;538;549;178;78;100;4;1;3;681;326;355;2;-;2
Teresópolis (RJ);15 a 19 anos;10740;5495;5245;5878;2954;2924;1101;591;510;31;19;12;3726;1927;1799;4;4;-
Teresópolis (RJ);15 anos;2068;1105;963;1120;578;542;220;133;87;2;1;1;726;393;333;-;-;-
Teresópolis (RJ);16 anos;2139;1086;1053;1175;590;585;219;117;102;4;3;1;740;375;365;1;1;-
Teresópolis (RJ);17 anos;2208;1138;1070;1159;578;581;233;122;111;7;6;1;807;430;377;2;2;-
Teresópolis (RJ);18 anos;2192;1114;1078;1223;621;602;213;103;110;9;5;4;746;384;362;1;1;-
Teresópolis (RJ);19 anos;2133;1052;1081;1201;587;614;216;116;100;9;4;5;707;345;362;-;-;-
Teresópolis (RJ);20 a 24 anos;12011;5942;6069;6684;3273;3411;1390;707;683;15;8;7;3917;1952;1965;4;2;2
Teresópolis (RJ);20 anos;2201;1140;1061;1201;612;589;240;140;100;1;-;1;758;387;371;1;1;-
Teresópolis (RJ);21 anos;2364;1163;1201;1339;646;693;262;128;134;5;1;4;757;388;369;1;-;1
Teresópolis (RJ);22 anos;2580;1289;1291;1446;718;728;295;144;151;2;2;-;835;424;411;2;1;1
Teresópolis (RJ);23 anos;2471;1167;1304;1346;626;720;284;142;142;2;2;-;838;397;441;-;-;-
Teresópolis (RJ);24 anos;2395;1183;1212;1352;671;681;309;153;156;5;3;2;729;356;373;-;-;-
Teresópolis (RJ);25 a 29 anos;11759;5818;5941;6487;3101;3386;1459;769;690;25;8;17;3775;1936;1839;13;4;9
Teresópolis (RJ);25 anos;2486;1255;1231;1403;681;722;281;151;130;7;3;4;791;419;372;4;1;3
Teresópolis (RJ);26 anos;2344;1160;1184;1316;627;689;262;141;121;3;2;1;760;388;372;3;2;1
Teresópolis (RJ);27 anos;2356;1164;1192;1273;608;665;309;163;146;5;2;3;766;391;375;3;-;3
Teresópolis (RJ);28 anos;2380;1176;1204;1320;632;688;277;153;124;7;1;6;774;389;385;2;1;1
Teresópolis (RJ);29 anos;2193;1063;1130;1175;553;622;330;161;169;3;-;3;684;349;335;1;-;1
Teresópolis (RJ);30 a 34 anos;11536;5527;6009;6449;2986;3463;1406;729;677;31;13;18;3636;1793;1843;14;6;8
Teresópolis (RJ);30 anos;2469;1167;1302;1379;620;759;291;148;143;8;2;6;788;395;393;3;2;1
Teresópolis (RJ);31 anos;2111;1028;1083;1150;543;607;282;143;139;3;-;3;674;342;332;2;-;2
Teresópolis (RJ);32 anos;2369;1152;1217;1277;598;679;295;159;136;7;4;3;789;391;398;1;-;1
Teresópolis (RJ);33 anos;2354;1140;1214;1342;618;724;286;160;126;6;2;4;716;359;357;4;1;3
Teresópolis (RJ);34 anos;2233;1040;1193;1301;607;694;252;119;133;7;5;2;669;306;363;4;3;1
Teresópolis (RJ);35 a 39 anos;11988;5724;6264;6860;3178;3682;1379;697;682;29;14;15;3716;1834;1882;4;1;3
Teresópolis (RJ);35 anos;2423;1140;1283;1417;663;754;265;138;127;3;1;2;737;338;399;1;-;1
Teresópolis (RJ);36 anos;2405;1180;1225;1358;629;729;277;145;132;4;1;3;765;405;360;1;-;1
Teresópolis (RJ);37 anos;2280;1080;1200;1312;614;698;267;128;139;7;4;3;694;334;360;-;-;-
Teresópolis (RJ);38 anos;2470;1173;1297;1407;645;762;278;136;142;13;7;6;771;384;387;1;1;-
Teresópolis (RJ);39 anos;2410;1151;1259;1366;627;739;292;150;142;2;1;1;749;373;376;1;-;1
Teresópolis (RJ);40 a 44 anos;12784;6122;6662;7436;3427;4009;1472;763;709;24;13;11;3846;1916;1930;6;3;3
Teresópolis (RJ);40 anos;2914;1433;1481;1701;793;908;336;182;154;7;3;4;868;453;415;2;2;-
Teresópolis (RJ);41 anos;2400;1178;1222;1389;668;721;271;138;133;5;3;2;733;368;365;2;1;1
Teresópolis (RJ);42 anos;2743;1298;1445;1613;752;861;328;162;166;3;-;3;799;384;415;-;-;-
Teresópolis (RJ);43 anos;2496;1187;1309;1447;660;787;276;146;130;4;4;-;768;377;391;1;-;1
Teresópolis (RJ);44 anos;2231;1026;1205;1286;554;732;261;135;126;5;3;2;678;334;344;1;-;1
Teresópolis (RJ);45 a 49 anos;11405;5384;6021;6481;2950;3531;1329;650;679;34;15;19;3547;1765;1782;13;4;9
Teresópolis (RJ);45 anos;2488;1186;1302;1430;663;767;243;125;118;11;5;6;801;392;409;3;1;2
Teresópolis (RJ);46 anos;2317;1073;1244;1297;584;713;287;138;149;5;2;3;726;348;378;1;1;-
Teresópolis (RJ);47 anos;2199;1040;1159;1265;579;686;249;111;138;7;3;4;675;347;328;3;-;3
Teresópolis (RJ);48 anos;2330;1097;1233;1306;575;731;292;146;146;7;3;4;720;371;349;5;2;3
Teresópolis (RJ);49 anos;2071;988;1083;1183;549;634;258;130;128;4;2;2;625;307;318;1;-;1
Teresópolis (RJ);50 a 54 anos;10947;5085;5862;6478;2958;3520;1267;607;660;28;12;16;3160;1500;1660;14;8;6
Teresópolis (RJ);50 anos;2434;1207;1227;1411;699;712;283;162;121;7;4;3;731;341;390;2;1;1
Teresópolis (RJ);51 anos;2122;941;1181;1263;553;710;251;104;147;5;2;3;601;281;320;2;1;1
Teresópolis (RJ);52 anos;2195;1023;1172;1314;605;709;244;116;128;3;1;2;632;300;332;2;1;1
Teresópolis (RJ);53 anos;2117;967;1150;1245;556;689;238;100;138;9;2;7;622;307;315;3;2;1
Teresópolis (RJ);54 anos;2079;947;1132;1245;545;700;251;125;126;4;3;1;574;271;303;5;3;2
Teresópolis (RJ);55 a 59 anos;10678;4874;5804;6621;2917;3704;1110;518;592;29;17;12;2902;1415;1487;14;5;9
Teresópolis (RJ);55 anos;2198;992;1206;1342;586;756;248;113;135;3;1;2;602;291;311;3;1;2
Teresópolis (RJ);56 anos;2146;1010;1136;1311;583;728;237;119;118;7;5;2;585;300;285;4;1;3
Teresópolis (RJ);57 anos;2115;964;1151;1337;588;749;222;114;108;7;4;3;547;257;290;2;1;1
Teresópolis (RJ);58 anos;2139;964;1175;1319;575;744;201;87;114;5;3;2;611;298;313;3;1;2
Teresópolis (RJ);59 anos;2080;944;1136;1312;585;727;202;85;117;7;4;3;557;269;288;2;1;1
Teresópolis (RJ);60 a 64 anos;9623;4242;5381;6118;2664;3454;917;416;501;26;13;13;2549;1143;1406;12;5;7
Teresópolis (RJ);60 anos;2127;971;1156;1319;623;696;206;82;124;10;4;6;588;260;328;4;2;2
Teresópolis (RJ);61 anos;1855;817;1038;1203;531;672;176;80;96;6;3;3;469;203;266;1;-;1
Teresópolis (RJ);62 anos;1924;845;1079;1237;523;714;167;92;75;-;-;-;516;228;288;3;1;2
Teresópolis (RJ);63 anos;1920;832;1088;1216;505;711;201;93;108;5;4;1;497;229;268;1;1;-
Teresópolis (RJ);64 anos;1797;777;1020;1143;482;661;167;69;98;5;2;3;479;223;256;3;1;2
Teresópolis (RJ);65 a 69 anos;7996;3629;4367;5297;2356;2941;713;316;397;30;12;18;1950;944;1006;6;1;5
Teresópolis (RJ);65 anos;1937;876;1061;1267;558;709;167;77;90;4;-;4;499;241;258;-;-;-
Teresópolis (RJ);66 anos;1653;786;867;1070;507;563;149;72;77;12;5;7;422;202;220;-;-;-
Teresópolis (RJ);67 anos;1571;695;876;1018;433;585;157;68;89;3;-;3;392;194;198;1;-;1
Teresópolis (RJ);68 anos;1472;685;787;1005;468;537;120;47;73;2;1;1;343;169;174;2;-;2
Teresópolis (RJ);69 anos;1363;587;776;937;390;547;120;52;68;9;6;3;294;138;156;3;1;2
Teresópolis (RJ);70 a 74 anos;5871;2584;3287;3972;1722;2250;504;206;298;22;11;11;1366;640;726;7;5;2
Teresópolis (RJ);70 anos;1462;663;799;975;427;548;137;69;68;5;2;3;344;164;180;1;1;-
Teresópolis (RJ);71 anos;1170;507;663;787;341;446;99;36;63;6;2;4;275;127;148;3;1;2
Teresópolis (RJ);72 anos;1215;531;684;833;356;477;105;41;64;6;4;2;271;130;141;-;-;-
Teresópolis (RJ);73 anos;1093;473;620;728;304;424;86;39;47;1;-;1;277;129;148;1;1;-
Teresópolis (RJ);74 anos;931;410;521;649;294;355;77;21;56;4;3;1;199;90;109;2;2;-
Teresópolis (RJ);75 a 79 anos;3940;1620;2320;2787;1112;1675;277;134;143;16;9;7;855;362;493;5;3;2
Teresópolis (RJ);75 anos;952;409;543;668;278;390;77;36;41;4;1;3;202;93;109;1;1;-
Teresópolis (RJ);76 anos;874;355;519;604;240;364;62;30;32;6;4;2;199;80;119;3;1;2
Teresópolis (RJ);77 anos;776;320;456;554;215;339;57;34;23;3;3;-;161;67;94;1;1;-
Teresópolis (RJ);78 anos;718;300;418;504;211;293;38;18;20;2;-;2;174;71;103;-;-;-
Teresópolis (RJ);79 anos;620;236;384;457;168;289;43;16;27;1;1;-;119;51;68;-;-;-
Teresópolis (RJ);80 a 84 anos;2491;988;1503;1845;723;1122;178;72;106;9;3;6;459;190;269;-;-;-
Teresópolis (RJ);80 anos;600;256;344;460;199;261;31;16;15;1;-;1;108;41;67;-;-;-
Teresópolis (RJ);81 anos;488;200;288;359;142;217;35;17;18;2;1;1;92;40;52;-;-;-
Teresópolis (RJ);82 anos;559;209;350;406;146;260;55;18;37;1;-;1;97;45;52;-;-;-
Teresópolis (RJ);83 anos;470;194;276;341;142;199;34;8;26;-;-;-;95;44;51;-;-;-
Teresópolis (RJ);84 anos;374;129;245;279;94;185;23;13;10;5;2;3;67;20;47;-;-;-
Teresópolis (RJ);85 a 89 anos;1332;452;880;1030;358;672;69;16;53;6;3;3;225;75;150;2;-;2
Teresópolis (RJ);85 anos;343;111;232;257;93;164;18;3;15;2;1;1;66;14;52;-;-;-
Teresópolis (RJ);86 anos;296;106;190;226;82;144;18;5;13;1;-;1;51;19;32;-;-;-
Teresópolis (RJ);87 anos;267;90;177;197;65;132;15;3;12;1;1;-;52;21;31;2;-;2
Teresópolis (RJ);88 anos;224;75;149;188;61;127;7;1;6;1;-;1;28;13;15;-;-;-
Teresópolis (RJ);89 anos;202;70;132;162;57;105;11;4;7;1;1;-;28;8;20;-;-;-
Teresópolis (RJ);90 a 94 anos;608;181;427;501;143;358;29;5;24;4;3;1;73;29;44;1;1;-
Teresópolis (RJ);90 anos;161;48;113;130;38;92;7;2;5;1;-;1;23;8;15;-;-;-
Teresópolis (RJ);91 anos;145;50;95;120;37;83;5;2;3;1;1;-;19;10;9;-;-;-
Teresópolis (RJ);92 anos;131;40;91;102;30;72;9;1;8;2;2;-;17;6;11;1;1;-
Teresópolis (RJ);93 anos;89;20;69;79;20;59;4;-;4;-;-;-;6;-;6;-;-;-
Teresópolis (RJ);94 anos;82;23;59;70;18;52;4;-;4;-;-;-;8;5;3;-;-;-
Teresópolis (RJ);95 a 99 anos;204;52;152;178;43;135;7;3;4;2;-;2;17;6;11;-;-;-
Teresópolis (RJ);95 anos;68;18;50;62;16;46;3;1;2;-;-;-;3;1;2;-;-;-
Teresópolis (RJ);96 anos;59;12;47;49;9;40;2;1;1;1;-;1;7;2;5;-;-;-
Teresópolis (RJ);97 anos;37;11;26;35;10;25;-;-;-;-;-;-;2;1;1;-;-;-
Teresópolis (RJ);98 anos;23;4;19;19;4;15;1;-;1;1;-;1;2;-;2;-;-;-
Teresópolis (RJ);99 anos;17;7;10;13;4;9;1;1;-;-;-;-;3;2;1;-;-;-
Teresópolis (RJ);100 anos ou mais;21;2;19;17;1;16;1;-;1;-;-;-;3;1;2;-;-;-
Trajano de Moraes (RJ);Total;10302;5198;5104;4830;2411;2419;1561;759;802;9;4;5;3894;2021;1873;8;3;5
Trajano de Moraes (RJ);0 a 4 anos;561;299;262;255;134;121;62;33;29;-;-;-;244;132;112;-;-;-
Trajano de Moraes (RJ);Menos de 1 ano;104;53;51;54;27;27;8;4;4;-;-;-;42;22;20;-;-;-
Trajano de Moraes (RJ);Menos de 1 mês;10;6;4;7;4;3;-;-;-;-;-;-;3;2;1;-;-;-
Trajano de Moraes (RJ);1 mês;9;4;5;5;2;3;1;-;1;-;-;-;3;2;1;-;-;-
Trajano de Moraes (RJ);2 meses;12;4;8;5;1;4;-;-;-;-;-;-;7;3;4;-;-;-
Trajano de Moraes (RJ);3 meses;8;3;5;4;1;3;-;-;-;-;-;-;4;2;2;-;-;-
Trajano de Moraes (RJ);4 meses;9;8;1;6;5;1;-;-;-;-;-;-;3;3;-;-;-;-
Trajano de Moraes (RJ);5 meses;8;4;4;4;2;2;-;-;-;-;-;-;4;2;2;-;-;-
Trajano de Moraes (RJ);6 meses;9;5;4;4;2;2;-;-;-;-;-;-;5;3;2;-;-;-
Trajano de Moraes (RJ);7 meses;9;5;4;3;3;-;3;-;3;-;-;-;3;2;1;-;-;-
Trajano de Moraes (RJ);8 meses;7;4;3;5;2;3;-;-;-;-;-;-;2;2;-;-;-;-
Trajano de Moraes (RJ);9 meses;7;2;5;4;1;3;-;-;-;-;-;-;3;1;2;-;-;-
Trajano de Moraes (RJ);10 meses;6;3;3;5;2;3;1;1;-;-;-;-;-;-;-;-;-;-
Trajano de Moraes (RJ);11 meses;10;5;5;2;2;-;3;3;-;-;-;-;5;-;5;-;-;-
Trajano de Moraes (RJ);1 ano;101;54;47;43;22;21;9;6;3;-;-;-;49;26;23;-;-;-
Trajano de Moraes (RJ);2 anos;107;55;52;48;24;24;15;8;7;-;-;-;44;23;21;-;-;-
Trajano de Moraes (RJ);3 anos;119;64;55;52;28;24;14;8;6;-;-;-;53;28;25;-;-;-
Trajano de Moraes (RJ);4 anos;130;73;57;58;33;25;16;7;9;-;-;-;56;33;23;-;-;-
Trajano de Moraes (RJ);5 a 9 anos;586;291;295;249;127;122;67;35;32;1;-;1;269;129;140;-;-;-
Trajano de Moraes (RJ);5 anos;107;47;60;56;27;29;7;2;5;-;-;-;44;18;26;-;-;-
Trajano de Moraes (RJ);6 anos;109;58;51;42;24;18;14;8;6;-;-;-;53;26;27;-;-;-
Trajano de Moraes (RJ);7 anos;132;70;62;54;29;25;15;10;5;1;-;1;62;31;31;-;-;-
Trajano de Moraes (RJ);8 anos;130;65;65;57;26;31;20;11;9;-;-;-;53;28;25;-;-;-
Trajano de Moraes (RJ);9 anos;108;51;57;40;21;19;11;4;7;-;-;-;57;26;31;-;-;-
Trajano de Moraes (RJ);10 a 14 anos;652;344;308;265;131;134;99;48;51;-;-;-;288;165;123;-;-;-
Trajano de Moraes (RJ);10 anos;119;60;59;47;21;26;22;12;10;-;-;-;50;27;23;-;-;-
Trajano de Moraes (RJ);11 anos;139;66;73;54;25;29;21;9;12;-;-;-;64;32;32;-;-;-
Trajano de Moraes (RJ);12 anos;124;68;56;53;30;23;20;9;11;-;-;-;51;29;22;-;-;-
Trajano de Moraes (RJ);13 anos;140;72;68;59;26;33;17;8;9;-;-;-;64;38;26;-;-;-
Trajano de Moraes (RJ);14 anos;130;78;52;52;29;23;19;10;9;-;-;-;59;39;20;-;-;-
Trajano de Moraes (RJ);15 a 19 anos;683;372;311;268;142;126;124;72;52;1;-;1;290;158;132;-;-;-
Trajano de Moraes (RJ);15 anos;164;97;67;63;36;27;33;22;11;1;-;1;67;39;28;-;-;-
Trajano de Moraes (RJ);16 anos;136;74;62;53;29;24;23;11;12;-;-;-;60;34;26;-;-;-
Trajano de Moraes (RJ);17 anos;112;63;49;44;22;22;15;11;4;-;-;-;53;30;23;-;-;-
Trajano de Moraes (RJ);18 anos;155;84;71;53;28;25;37;19;18;-;-;-;65;37;28;-;-;-
Trajano de Moraes (RJ);19 anos;116;54;62;55;27;28;16;9;7;-;-;-;45;18;27;-;-;-
Trajano de Moraes (RJ);20 a 24 anos;655;317;338;283;127;156;100;48;52;-;-;-;271;142;129;1;-;1
Trajano de Moraes (RJ);20 anos;133;64;69;48;21;27;24;9;15;-;-;-;60;34;26;1;-;1
Trajano de Moraes (RJ);21 anos;136;70;66;69;36;33;17;8;9;-;-;-;50;26;24;-;-;-
Trajano de Moraes (RJ);22 anos;133;59;74;67;26;41;19;10;9;-;-;-;47;23;24;-;-;-
Trajano de Moraes (RJ);23 anos;116;63;53;45;23;22;16;10;6;-;-;-;55;30;25;-;-;-
Trajano de Moraes (RJ);24 anos;137;61;76;54;21;33;24;11;13;-;-;-;59;29;30;-;-;-
Trajano de Moraes (RJ);25 a 29 anos;635;322;313;281;150;131;107;46;61;-;-;-;247;126;121;-;-;-
Trajano de Moraes (RJ);25 anos;121;57;64;53;26;27;25;9;16;-;-;-;43;22;21;-;-;-
Trajano de Moraes (RJ);26 anos;124;75;49;52;37;15;23;10;13;-;-;-;49;28;21;-;-;-
Trajano de Moraes (RJ);27 anos;135;65;70;71;34;37;17;9;8;-;-;-;47;22;25;-;-;-
Trajano de Moraes (RJ);28 anos;129;62;67;52;26;26;22;8;14;-;-;-;55;28;27;-;-;-
Trajano de Moraes (RJ);29 anos;126;63;63;53;27;26;20;10;10;-;-;-;53;26;27;-;-;-
Trajano de Moraes (RJ);30 a 34 anos;654;313;341;288;144;144;127;56;71;1;1;-;238;112;126;-;-;-
Trajano de Moraes (RJ);30 anos;140;69;71;64;31;33;32;15;17;-;-;-;44;23;21;-;-;-
Trajano de Moraes (RJ);31 anos;126;61;65;53;29;24;22;8;14;1;1;-;50;23;27;-;-;-
Trajano de Moraes (RJ);32 anos;137;57;80;65;25;40;16;7;9;-;-;-;56;25;31;-;-;-
Trajano de Moraes (RJ);33 anos;119;61;58;49;31;18;24;10;14;-;-;-;46;20;26;-;-;-
Trajano de Moraes (RJ);34 anos;132;65;67;57;28;29;33;16;17;-;-;-;42;21;21;-;-;-
Trajano de Moraes (RJ);35 a 39 anos;711;353;358;294;145;149;122;50;72;1;1;-;293;157;136;1;-;1
Trajano de Moraes (RJ);35 anos;139;65;74;54;25;29;23;13;10;-;-;-;62;27;35;-;-;-
Trajano de Moraes (RJ);36 anos;113;54;59;40;21;19;29;10;19;-;-;-;44;23;21;-;-;-
Trajano de Moraes (RJ);37 anos;129;65;64;53;29;24;29;10;19;-;-;-;47;26;21;-;-;-
Trajano de Moraes (RJ);38 anos;168;84;84;72;36;36;23;8;15;1;1;-;71;39;32;1;-;1
Trajano de Moraes (RJ);39 anos;162;85;77;75;34;41;18;9;9;-;-;-;69;42;27;-;-;-
Trajano de Moraes (RJ);40 a 44 anos;781;384;397;356;170;186;126;58;68;-;-;-;299;156;143;-;-;-
Trajano de Moraes (RJ);40 anos;165;76;89;71;34;37;22;9;13;-;-;-;72;33;39;-;-;-
Trajano de Moraes (RJ);41 anos;158;71;87;74;30;44;23;9;14;-;-;-;61;32;29;-;-;-
Trajano de Moraes (RJ);42 anos;153;73;80;65;30;35;32;16;16;-;-;-;56;27;29;-;-;-
Trajano de Moraes (RJ);43 anos;162;88;74;78;39;39;21;10;11;-;-;-;63;39;24;-;-;-
Trajano de Moraes (RJ);44 anos;143;76;67;68;37;31;28;14;14;-;-;-;47;25;22;-;-;-
Trajano de Moraes (RJ);45 a 49 anos;707;370;337;321;159;162;129;65;64;-;-;-;257;146;111;-;-;-
Trajano de Moraes (RJ);45 anos;167;92;75;77;43;34;27;15;12;-;-;-;63;34;29;-;-;-
Trajano de Moraes (RJ);46 anos;134;67;67;61;31;30;30;13;17;-;-;-;43;23;20;-;-;-
Trajano de Moraes (RJ);47 anos;134;62;72;59;21;38;31;14;17;-;-;-;44;27;17;-;-;-
Trajano de Moraes (RJ);48 anos;152;95;57;68;40;28;20;13;7;-;-;-;64;42;22;-;-;-
Trajano de Moraes (RJ);49 anos;120;54;66;56;24;32;21;10;11;-;-;-;43;20;23;-;-;-
Trajano de Moraes (RJ);50 a 54 anos;735;350;385;372;171;201;116;57;59;1;-;1;243;120;123;3;2;1
Trajano de Moraes (RJ);50 anos;148;73;75;74;36;38;24;12;12;-;-;-;50;25;25;-;-;-
Trajano de Moraes (RJ);51 anos;148;74;74;65;29;36;30;20;10;1;-;1;52;25;27;-;-;-
Trajano de Moraes (RJ);52 anos;139;60;79;75;34;41;22;8;14;-;-;-;42;18;24;-;-;-
Trajano de Moraes (RJ);53 anos;150;66;84;80;37;43;22;8;14;-;-;-;47;21;26;1;-;1
Trajano de Moraes (RJ);54 anos;150;77;73;78;35;43;18;9;9;-;-;-;52;31;21;2;2;-
Trajano de Moraes (RJ);55 a 59 anos;787;420;367;430;240;190;111;58;53;-;-;-;244;122;122;2;-;2
Trajano de Moraes (RJ);55 anos;156;81;75;78;38;40;29;16;13;-;-;-;49;27;22;-;-;-
Trajano de Moraes (RJ);56 anos;172;94;78;95;55;40;26;14;12;-;-;-;50;25;25;1;-;1
Trajano de Moraes (RJ);57 anos;142;67;75;82;46;36;14;7;7;-;-;-;46;14;32;-;-;-
Trajano de Moraes (RJ);58 anos;168;97;71;93;52;41;21;11;10;-;-;-;54;34;20;-;-;-
Trajano de Moraes (RJ);59 anos;149;81;68;82;49;33;21;10;11;-;-;-;45;22;23;1;-;1
Trajano de Moraes (RJ);60 a 64 anos;640;311;329;313;147;166;88;48;40;2;1;1;237;115;122;-;-;-
Trajano de Moraes (RJ);60 anos;146;68;78;71;33;38;25;11;14;-;-;-;50;24;26;-;-;-
Trajano de Moraes (RJ);61 anos;127;63;64;69;36;33;20;11;9;-;-;-;38;16;22;-;-;-
Trajano de Moraes (RJ);62 anos;131;64;67;64;31;33;12;5;7;-;-;-;55;28;27;-;-;-
Trajano de Moraes (RJ);63 anos;125;68;57;59;29;30;17;10;7;1;1;-;48;28;20;-;-;-
Trajano de Moraes (RJ);64 anos;111;48;63;50;18;32;14;11;3;1;-;1;46;19;27;-;-;-
Trajano de Moraes (RJ);65 a 69 anos;533;277;256;295;157;138;62;32;30;-;-;-;176;88;88;-;-;-
Trajano de Moraes (RJ);65 anos;120;66;54;72;44;28;9;4;5;-;-;-;39;18;21;-;-;-
Trajano de Moraes (RJ);66 anos;98;51;47;46;23;23;13;6;7;-;-;-;39;22;17;-;-;-
Trajano de Moraes (RJ);67 anos;101;54;47;65;36;29;11;6;5;-;-;-;25;12;13;-;-;-
Trajano de Moraes (RJ);68 anos;122;67;55;60;34;26;23;12;11;-;-;-;39;21;18;-;-;-
Trajano de Moraes (RJ);69 anos;92;39;53;52;20;32;6;4;2;-;-;-;34;15;19;-;-;-
Trajano de Moraes (RJ);70 a 74 anos;376;200;176;212;114;98;41;20;21;-;-;-;123;66;57;-;-;-
Trajano de Moraes (RJ);70 anos;86;45;41;47;28;19;8;2;6;-;-;-;31;15;16;-;-;-
Trajano de Moraes (RJ);71 anos;72;34;38;39;17;22;12;6;6;-;-;-;21;11;10;-;-;-
Trajano de Moraes (RJ);72 anos;76;36;40;42;21;21;10;4;6;-;-;-;24;11;13;-;-;-
Trajano de Moraes (RJ);73 anos;82;49;33;49;28;21;4;3;1;-;-;-;29;18;11;-;-;-
Trajano de Moraes (RJ);74 anos;60;36;24;35;20;15;7;5;2;-;-;-;18;11;7;-;-;-
Trajano de Moraes (RJ);75 a 79 anos;275;128;147;163;74;89;31;15;16;2;1;1;79;38;41;-;-;-
Trajano de Moraes (RJ);75 anos;70;38;32;36;18;18;12;6;6;-;-;-;22;14;8;-;-;-
Trajano de Moraes (RJ);76 anos;61;28;33;38;16;22;6;3;3;1;-;1;16;9;7;-;-;-
Trajano de Moraes (RJ);77 anos;60;30;30;38;19;19;6;4;2;-;-;-;16;7;9;-;-;-
Trajano de Moraes (RJ);78 anos;43;17;26;25;12;13;3;-;3;-;-;-;15;5;10;-;-;-
Trajano de Moraes (RJ);79 anos;41;15;26;26;9;17;4;2;2;1;1;-;10;3;7;-;-;-
Trajano de Moraes (RJ);80 a 84 anos;183;79;104;103;42;61;27;11;16;-;-;-;52;25;27;1;1;-
Trajano de Moraes (RJ);80 anos;42;18;24;24;7;17;7;3;4;-;-;-;11;8;3;-;-;-
Trajano de Moraes (RJ);81 anos;52;25;27;32;15;17;8;4;4;-;-;-;11;5;6;1;1;-
Trajano de Moraes (RJ);82 anos;30;13;17;16;9;7;3;-;3;-;-;-;11;4;7;-;-;-
Trajano de Moraes (RJ);83 anos;35;12;23;19;7;12;5;2;3;-;-;-;11;3;8;-;-;-
Trajano de Moraes (RJ);84 anos;24;11;13;12;4;8;4;2;2;-;-;-;8;5;3;-;-;-
Trajano de Moraes (RJ);85 a 89 anos;101;52;49;58;29;29;12;7;5;-;-;-;31;16;15;-;-;-
Trajano de Moraes (RJ);85 anos;31;17;14;19;11;8;2;2;-;-;-;-;10;4;6;-;-;-
Trajano de Moraes (RJ);86 anos;21;9;12;17;7;10;3;2;1;-;-;-;1;-;1;-;-;-
Trajano de Moraes (RJ);87 anos;16;10;6;6;5;1;1;-;1;-;-;-;9;5;4;-;-;-
Trajano de Moraes (RJ);88 anos;17;8;9;9;3;6;3;1;2;-;-;-;5;4;1;-;-;-
Trajano de Moraes (RJ);89 anos;16;8;8;7;3;4;3;2;1;-;-;-;6;3;3;-;-;-
Trajano de Moraes (RJ);90 a 94 anos;39;14;25;23;8;15;6;-;6;-;-;-;10;6;4;-;-;-
Trajano de Moraes (RJ);90 anos;9;4;5;5;2;3;2;-;2;-;-;-;2;2;-;-;-;-
Trajano de Moraes (RJ);91 anos;7;1;6;6;1;5;1;-;1;-;-;-;-;-;-;-;-;-
Trajano de Moraes (RJ);92 anos;7;2;5;4;1;3;-;-;-;-;-;-;3;1;2;-;-;-
Trajano de Moraes (RJ);93 anos;12;5;7;7;3;4;1;-;1;-;-;-;4;2;2;-;-;-
Trajano de Moraes (RJ);94 anos;4;2;2;1;1;-;2;-;2;-;-;-;1;1;-;-;-;-
Trajano de Moraes (RJ);95 a 99 anos;4;2;2;-;-;-;1;-;1;-;-;-;3;2;1;-;-;-
Trajano de Moraes (RJ);95 anos;2;1;1;-;-;-;-;-;-;-;-;-;2;1;1;-;-;-
Trajano de Moraes (RJ);96 anos;-;-;-;-;-;-;-;-;-;-;-;-;-;-;-;-;-;-
Trajano de Moraes (RJ);97 anos;2;1;1;-;-;-;1;-;1;-;-;-;1;1;-;-;-;-
Trajano de Moraes (RJ);98 anos;-;-;-;-;-;-;-;-;-;-;-;-;-;-;-;-;-;-
Trajano de Moraes (RJ);99 anos;-;-;-;-;-;-;-;-;-;-;-;-;-;-;-;-;-;-
Trajano de Moraes (RJ);100 anos ou mais;4;-;4;1;-;1;3;-;3;-;-;-;-;-;-;-;-;-
Três Rios (RJ);Total;78346;37062;41284;31070;14322;16748;16281;7746;8535;74;39;35;30881;14935;15946;35;16;19
Três Rios (RJ);0 a 4 anos;4533;2305;2228;1776;906;870;742;377;365;4;2;2;2009;1019;990;2;1;1
Três Rios (RJ);Menos de 1 ano;856;431;425;353;180;173;155;80;75;1;-;1;347;171;176;-;-;-
Três Rios (RJ);Menos de 1 mês;66;35;31;31;14;17;11;7;4;-;-;-;24;14;10;-;-;-
Três Rios (RJ);1 mês;60;31;29;25;7;18;10;8;2;-;-;-;25;16;9;-;-;-
Três Rios (RJ);2 meses;68;27;41;24;12;12;9;5;4;-;-;-;35;10;25;-;-;-
Três Rios (RJ);3 meses;74;39;35;35;21;14;13;5;8;1;-;1;25;13;12;-;-;-
Três Rios (RJ);4 meses;92;41;51;34;17;17;22;8;14;-;-;-;36;16;20;-;-;-
Três Rios (RJ);5 meses;76;41;35;31;17;14;14;7;7;-;-;-;31;17;14;-;-;-
Três Rios (RJ);6 meses;70;42;28;30;18;12;16;8;8;-;-;-;24;16;8;-;-;-
Três Rios (RJ);7 meses;83;42;41;39;21;18;15;9;6;-;-;-;29;12;17;-;-;-
Três Rios (RJ);8 meses;73;43;30;27;13;14;15;9;6;-;-;-;31;21;10;-;-;-
Três Rios (RJ);9 meses;70;33;37;30;16;14;13;7;6;-;-;-;27;10;17;-;-;-
Três Rios (RJ);10 meses;54;20;34;19;9;10;5;1;4;-;-;-;30;10;20;-;-;-
Três Rios (RJ);11 meses;70;37;33;28;15;13;12;6;6;-;-;-;30;16;14;-;-;-
Três Rios (RJ);1 ano;784;399;385;312;167;145;118;65;53;1;1;-;352;166;186;1;-;1
Três Rios (RJ);2 anos;892;469;423;347;169;178;140;73;67;1;-;1;404;227;177;-;-;-
Três Rios (RJ);3 anos;992;489;503;381;193;188;142;70;72;1;1;-;468;225;243;-;-;-
Três Rios (RJ);4 anos;1009;517;492;383;197;186;187;89;98;-;-;-;438;230;208;1;1;-
Três Rios (RJ);5 a 9 anos;5197;2657;2540;1931;958;973;964;499;465;4;3;1;2293;1194;1099;4;2;2
Três Rios (RJ);5 anos;959;465;494;364;166;198;165;79;86;-;-;-;428;218;210;2;2;-
Três Rios (RJ);6 anos;1045;543;502;401;191;210;188;106;82;-;-;-;455;245;210;-;-;-
Três Rios (RJ);7 anos;1079;576;503;423;217;206;183;99;84;1;1;-;471;259;212;1;-;1
Três Rios (RJ);8 anos;1099;553;546;390;201;189;235;117;118;2;1;1;472;234;238;-;-;-
Três Rios (RJ);9 anos;1015;520;495;353;183;170;193;98;95;1;1;-;467;238;229;1;-;1
Três Rios (RJ);10 a 14 anos;5010;2590;2420;1730;891;839;969;507;462;3;2;1;2306;1190;1116;2;-;2
Três Rios (RJ);10 anos;961;480;481;349;168;181;181;90;91;-;-;-;431;222;209;-;-;-
Três Rios (RJ);11 anos;1054;557;497;328;176;152;202;109;93;2;1;1;521;271;250;1;-;1
Três Rios (RJ);12 anos;1036;536;500;370;202;168;211;113;98;-;-;-;455;221;234;-;-;-
Três Rios (RJ);13 anos;1011;507;504;335;165;170;201;102;99;-;-;-;475;240;235;-;-;-
Três Rios (RJ);14 anos;948;510;438;348;180;168;174;93;81;1;1;-;424;236;188;1;-;1
Três Rios (RJ);15 a 19 anos;5109;2583;2526;1710;834;876;1105;551;554;6;2;4;2285;1194;1091;3;2;1
Três Rios (RJ);15 anos;1028;482;546;351;150;201;205;89;116;-;-;-;472;243;229;-;-;-
Três Rios (RJ);16 anos;984;519;465;346;186;160;197;99;98;1;1;-;440;233;207;-;-;-
Três Rios (RJ);17 anos;1006;510;496;328;148;180;226;117;109;3;1;2;449;244;205;-;-;-
Três Rios (RJ);18 anos;1058;544;514;341;172;169;238;127;111;1;-;1;477;244;233;1;1;-
Três Rios (RJ);19 anos;1033;528;505;344;178;166;239;119;120;1;-;1;447;230;217;2;1;1
Três Rios (RJ);20 a 24 anos;5445;2642;2803;1952;933;1019;1267;582;685;8;3;5;2218;1124;1094;-;-;-
Três Rios (RJ);20 anos;1001;480;521;342;147;195;215;111;104;4;2;2;440;220;220;-;-;-
Três Rios (RJ);21 anos;1039;518;521;384;194;190;258;114;144;2;1;1;395;209;186;-;-;-
Três Rios (RJ);22 anos;1222;603;619;443;214;229;273;133;140;-;-;-;506;256;250;-;-;-
Três Rios (RJ);23 anos;1108;506;602;394;175;219;249;103;146;1;-;1;464;228;236;-;-;-
Três Rios (RJ);24 anos;1075;535;540;389;203;186;272;121;151;1;-;1;413;211;202;-;-;-
Três Rios (RJ);25 a 29 anos;5677;2697;2980;2077;990;1087;1351;657;694;4;-;4;2237;1047;1190;8;3;5
Três Rios (RJ);25 anos;1221;595;626;469;227;242;270;126;144;1;-;1;481;242;239;-;-;-
Três Rios (RJ);26 anos;1147;539;608;395;174;221;295;142;153;2;-;2;453;221;232;2;2;-
Três Rios (RJ);27 anos;1096;510;586;393;181;212;272;139;133;-;-;-;430;190;240;1;-;1
Três Rios (RJ);28 anos;1136;561;575;406;208;198;272;141;131;-;-;-;456;212;244;2;-;2
Três Rios (RJ);29 anos;1077;492;585;414;200;214;242;109;133;1;-;1;417;182;235;3;1;2
Três Rios (RJ);30 a 34 anos;5568;2640;2928;2046;944;1102;1256;612;644;10;6;4;2256;1078;1178;-;-;-
Três Rios (RJ);30 anos;1143;572;571;437;208;229;257;139;118;2;1;1;447;224;223;-;-;-
Três Rios (RJ);31 anos;1023;494;529;370;186;184;215;102;113;1;-;1;437;206;231;-;-;-
Três Rios (RJ);32 anos;1123;528;595;380;170;210;258;129;129;2;1;1;483;228;255;-;-;-
Três Rios (RJ);33 anos;1200;536;664;458;194;264;269;125;144;3;2;1;470;215;255;-;-;-
Três Rios (RJ);34 anos;1079;510;569;401;186;215;257;117;140;2;2;-;419;205;214;-;-;-
Três Rios (RJ);35 a 39 anos;5595;2614;2981;2194;974;1220;1247;621;626;4;2;2;2146;1015;1131;2;1;1
Três Rios (RJ);35 anos;1175;552;623;463;209;254;258;133;125;-;-;-;453;209;244;-;-;-
Três Rios (RJ);36 anos;1161;557;604;435;207;228;250;120;130;1;-;1;474;230;244;1;-;1
Três Rios (RJ);37 anos;1065;502;563;425;194;231;242;126;116;-;-;-;397;181;216;1;1;-
Três Rios (RJ);38 anos;1088;498;590;410;171;239;249;124;125;2;1;1;426;202;224;-;-;-
Três Rios (RJ);39 anos;1106;505;601;461;193;268;248;118;130;1;1;-;396;193;203;-;-;-
Três Rios (RJ);40 a 44 anos;5945;2816;3129;2262;1053;1209;1318;632;686;7;3;4;2355;1125;1230;1;1;-
Três Rios (RJ);40 anos;1319;608;711;500;232;268;316;152;164;3;2;1;500;222;278;-;-;-
Três Rios (RJ);41 anos;1121;522;599;405;183;222;252;119;133;-;-;-;463;219;244;-;-;-
Três Rios (RJ);42 anos;1314;670;644;519;250;269;283;140;143;-;-;-;511;279;232;-;-;-
Três Rios (RJ);43 anos;1073;501;572;408;196;212;224;110;114;2;-;2;439;195;244;-;-;-
Três Rios (RJ);44 anos;1118;515;603;430;192;238;243;111;132;2;1;1;442;210;232;1;1;-
Três Rios (RJ);45 a 49 anos;5220;2421;2799;2070;929;1141;1157;531;626;3;2;1;1989;959;1030;1;-;1
Três Rios (RJ);45 anos;1221;575;646;473;217;256;285;134;151;-;-;-;462;224;238;1;-;1
Três Rios (RJ);46 anos;1044;484;560;422;200;222;210;95;115;1;1;-;411;188;223;-;-;-
Três Rios (RJ);47 anos;969;453;516;384;166;218;213;98;115;-;-;-;372;189;183;-;-;-
Três Rios (RJ);48 anos;968;461;507;361;159;202;241;113;128;1;1;-;365;188;177;-;-;-
Três Rios (RJ);49 anos;1018;448;570;430;187;243;208;91;117;1;-;1;379;170;209;-;-;-
Três Rios (RJ);50 a 54 anos;5171;2449;2722;2065;953;1112;1140;558;582;3;2;1;1959;934;1025;4;2;2
Três Rios (RJ);50 anos;1109;553;556;450;219;231;242;118;124;1;1;-;416;215;201;-;-;-
Três Rios (RJ);51 anos;1008;469;539;407;193;214;240;112;128;1;-;1;359;163;196;1;1;-
Três Rios (RJ);52 anos;1108;510;598;442;202;240;252;122;130;-;-;-;413;186;227;1;-;1
Três Rios (RJ);53 anos;970;473;497;384;181;203;199;99;100;-;-;-;386;192;194;1;1;-
Três Rios (RJ);54 anos;976;444;532;382;158;224;207;107;100;1;1;-;385;178;207;1;-;1
Três Rios (RJ);55 a 59 anos;4978;2324;2654;2148;1003;1145;1029;471;558;3;3;-;1797;847;950;1;-;1
Três Rios (RJ);55 anos;1000;459;541;428;202;226;204;81;123;-;-;-;368;176;192;-;-;-
Três Rios (RJ);56 anos;1008;461;547;410;182;228;214;107;107;1;1;-;383;171;212;-;-;-
Três Rios (RJ);57 anos;1000;483;517;438;225;213;203;90;113;1;1;-;358;167;191;-;-;-
Três Rios (RJ);58 anos;1019;486;533;445;204;241;228;111;117;-;-;-;345;171;174;1;-;1
Três Rios (RJ);59 anos;951;435;516;427;190;237;180;82;98;1;1;-;343;162;181;-;-;-
Três Rios (RJ);60 a 64 anos;4604;2091;2513;1989;906;1083;896;402;494;4;4;-;1713;778;935;2;1;1
Três Rios (RJ);60 anos;1057;473;584;474;209;265;205;91;114;1;1;-;377;172;205;-;-;-
Três Rios (RJ);61 anos;832;377;455;353;168;185;166;73;93;1;1;-;312;135;177;-;-;-
Três Rios (RJ);62 anos;976;445;531;417;191;226;185;92;93;1;1;-;372;161;211;1;-;1
Três Rios (RJ);63 anos;899;413;486;382;171;211;176;75;101;1;1;-;340;166;174;-;-;-
Três Rios (RJ);64 anos;840;383;457;363;167;196;164;71;93;-;-;-;312;144;168;1;1;-
Três Rios (RJ);65 a 69 anos;3698;1614;2084;1728;749;979;686;296;390;2;1;1;1282;568;714;-;-;-
Três Rios (RJ);65 anos;895;387;508;397;177;220;163;67;96;-;-;-;335;143;192;-;-;-
Três Rios (RJ);66 anos;682;294;388;320;131;189;151;61;90;-;-;-;211;102;109;-;-;-
Três Rios (RJ);67 anos;753;328;425;348;144;204;146;66;80;1;-;1;258;118;140;-;-;-
Três Rios (RJ);68 anos;740;325;415;357;163;194;120;54;66;-;-;-;263;108;155;-;-;-
Três Rios (RJ);69 anos;628;280;348;306;134;172;106;48;58;1;1;-;215;97;118;-;-;-
Três Rios (RJ);70 a 74 anos;2734;1181;1553;1310;560;750;499;202;297;2;2;-;920;415;505;3;2;1
Três Rios (RJ);70 anos;647;293;354;308;137;171;115;43;72;1;1;-;223;112;111;-;-;-
Três Rios (RJ);71 anos;535;234;301;249;110;139;96;40;56;1;1;-;187;82;105;2;1;1
Três Rios (RJ);72 anos;574;243;331;281;119;162;109;47;62;-;-;-;184;77;107;-;-;-
Três Rios (RJ);73 anos;507;216;291;248;105;143;95;38;57;-;-;-;164;73;91;-;-;-
Três Rios (RJ);74 anos;471;195;276;224;89;135;84;34;50;-;-;-;162;71;91;1;1;-
Três Rios (RJ);75 a 79 anos;1809;726;1083;920;338;582;332;145;187;1;-;1;554;242;312;2;1;1
Três Rios (RJ);75 anos;481;193;288;245;93;152;80;31;49;-;-;-;156;69;87;-;-;-
Três Rios (RJ);76 anos;406;169;237;192;70;122;82;37;45;-;-;-;132;62;70;-;-;-
Três Rios (RJ);77 anos;333;129;204;176;60;116;64;34;30;-;-;-;93;35;58;-;-;-
Três Rios (RJ);78 anos;309;125;184;156;58;98;52;26;26;-;-;-;101;41;60;-;-;-
Três Rios (RJ);79 anos;280;110;170;151;57;94;54;17;37;1;-;1;72;35;37;2;1;1
Três Rios (RJ);80 a 84 anos;1099;417;682;617;239;378;167;57;110;4;1;3;311;120;191;-;-;-
Três Rios (RJ);80 anos;271;104;167;154;59;95;37;11;26;2;-;2;78;34;44;-;-;-
Três Rios (RJ);81 anos;209;82;127;119;45;74;26;8;18;1;1;-;63;28;35;-;-;-
Três Rios (RJ);82 anos;213;86;127;105;45;60;36;12;24;-;-;-;72;29;43;-;-;-
Três Rios (RJ);83 anos;208;78;130;127;49;78;32;13;19;-;-;-;49;16;33;-;-;-
Três Rios (RJ);84 anos;198;67;131;112;41;71;36;13;23;1;-;1;49;13;36;-;-;-
Três Rios (RJ);85 a 89 anos;600;184;416;331;101;230;90;25;65;2;1;1;177;57;120;-;-;-
Três Rios (RJ);85 anos;171;52;119;93;30;63;24;9;15;1;-;1;53;13;40;-;-;-
Três Rios (RJ);86 anos;137;44;93;76;23;53;20;7;13;-;-;-;41;14;27;-;-;-
Três Rios (RJ);87 anos;117;35;82;60;15;45;22;4;18;-;-;-;35;16;19;-;-;-
Três Rios (RJ);88 anos;99;22;77;52;13;39;17;3;14;-;-;-;30;6;24;-;-;-
Três Rios (RJ);89 anos;76;31;45;50;20;30;7;2;5;1;1;-;18;8;10;-;-;-
Três Rios (RJ);90 a 94 anos;265;92;173;159;52;107;48;17;31;-;-;-;58;23;35;-;-;-
Três Rios (RJ);90 anos;72;23;49;40;15;25;14;4;10;-;-;-;18;4;14;-;-;-
Três Rios (RJ);91 anos;59;23;36;36;14;22;13;6;7;-;-;-;10;3;7;-;-;-
Três Rios (RJ);92 anos;57;19;38;34;7;27;12;4;8;-;-;-;11;8;3;-;-;-
Três Rios (RJ);93 anos;48;18;30;31;10;21;5;2;3;-;-;-;12;6;6;-;-;-
Três Rios (RJ);94 anos;29;9;20;18;6;12;4;1;3;-;-;-;7;2;5;-;-;-
Três Rios (RJ);95 a 99 anos;76;19;57;48;9;39;14;4;10;-;-;-;14;6;8;-;-;-
Três Rios (RJ);95 anos;28;8;20;20;3;17;2;1;1;-;-;-;6;4;2;-;-;-
Três Rios (RJ);96 anos;16;3;13;10;2;8;3;-;3;-;-;-;3;1;2;-;-;-
Três Rios (RJ);97 anos;11;2;9;8;1;7;3;1;2;-;-;-;-;-;-;-;-;-
Três Rios (RJ);98 anos;9;2;7;2;1;1;3;-;3;-;-;-;4;1;3;-;-;-
Três Rios (RJ);99 anos;12;4;8;8;2;6;3;2;1;-;-;-;1;-;1;-;-;-
Três Rios (RJ);100 anos ou mais;13;-;13;7;-;7;4;-;4;-;-;-;2;-;2;-;-;-
Valença (RJ);Total;68088;32154;35934;30635;14122;16513;12516;5902;6614;143;62;81;24746;12051;12695;47;17;30
Valença (RJ);0 a 4 anos;3553;1791;1762;1599;813;786;507;238;269;-;-;-;1446;739;707;1;1;-
Valença (RJ);Menos de 1 ano;636;321;315;304;144;160;87;45;42;-;-;-;245;132;113;-;-;-
Valença (RJ);Menos de 1 mês;58;27;31;25;12;13;2;-;2;-;-;-;31;15;16;-;-;-
Valença (RJ);1 mês;38;22;16;23;13;10;6;5;1;-;-;-;9;4;5;-;-;-
Valença (RJ);2 meses;55;24;31;31;10;21;3;2;1;-;-;-;21;12;9;-;-;-
Valença (RJ);3 meses;55;31;24;21;13;8;11;4;7;-;-;-;23;14;9;-;-;-
Valença (RJ);4 meses;63;23;40;32;7;25;8;4;4;-;-;-;23;12;11;-;-;-
Valença (RJ);5 meses;43;28;15;14;11;3;6;3;3;-;-;-;23;14;9;-;-;-
Valença (RJ);6 meses;51;23;28;24;13;11;8;2;6;-;-;-;19;8;11;-;-;-
Valença (RJ);7 meses;70;39;31;26;17;9;10;4;6;-;-;-;34;18;16;-;-;-
Valença (RJ);8 meses;61;32;29;35;13;22;14;11;3;-;-;-;12;8;4;-;-;-
Valença (RJ);9 meses;50;23;27;28;11;17;3;2;1;-;-;-;19;10;9;-;-;-
Valença (RJ);10 meses;41;24;17;23;15;8;9;4;5;-;-;-;9;5;4;-;-;-
Valença (RJ);11 meses;51;25;26;22;9;13;7;4;3;-;-;-;22;12;10;-;-;-
Valença (RJ);1 ano;647;316;331;278;131;147;86;44;42;-;-;-;282;140;142;1;1;-
Valença (RJ);2 anos;714;372;342;326;178;148;100;43;57;-;-;-;288;151;137;-;-;-
Valença (RJ);3 anos;728;374;354;319;168;151;99;49;50;-;-;-;310;157;153;-;-;-
Valença (RJ);4 anos;828;408;420;372;192;180;135;57;78;-;-;-;321;159;162;-;-;-
Valença (RJ);5 a 9 anos;3973;2047;1926;1671;873;798;622;322;300;3;1;2;1677;851;826;-;-;-
Valença (RJ);5 anos;710;355;355;305;161;144;98;51;47;-;-;-;307;143;164;-;-;-
Valença (RJ);6 anos;774;403;371;309;160;149;129;58;71;-;-;-;336;185;151;-;-;-
Valença (RJ);7 anos;885;456;429;358;190;168;144;83;61;1;-;1;382;183;199;-;-;-
Valença (RJ);8 anos;783;408;375;331;174;157;134;72;62;-;-;-;318;162;156;-;-;-
Valença (RJ);9 anos;821;425;396;368;188;180;117;58;59;2;1;1;334;178;156;-;-;-
Valença (RJ);10 a 14 anos;4118;2095;2023;1586;806;780;688;343;345;9;6;3;1834;939;895;1;1;-
Valença (RJ);10 anos;762;392;370;290;151;139;133;71;62;2;2;-;337;168;169;-;-;-
Valença (RJ);11 anos;847;438;409;330;167;163;141;67;74;1;1;-;375;203;172;-;-;-
Valença (RJ);12 anos;846;427;419;322;165;157;129;66;63;2;1;1;393;195;198;-;-;-
Valença (RJ);13 anos;869;432;437;335;167;168;162;74;88;2;1;1;369;189;180;1;1;-
Valença (RJ);14 anos;794;406;388;309;156;153;123;65;58;2;1;1;360;184;176;-;-;-
Valença (RJ);15 a 19 anos;4564;2324;2240;1807;902;905;901;474;427;10;6;4;1844;942;902;2;-;2
Valença (RJ);15 anos;908;454;454;367;178;189;181;95;86;3;3;-;357;178;179;-;-;-
Valença (RJ);16 anos;947;503;444;394;203;191;157;76;81;1;-;1;394;224;170;1;-;1
Valença (RJ);17 anos;902;453;449;368;184;184;165;91;74;5;2;3;364;176;188;-;-;-
Valença (RJ);18 anos;887;472;415;320;163;157;197;104;93;1;1;-;369;204;165;-;-;-
Valença (RJ);19 anos;920;442;478;358;174;184;201;108;93;-;-;-;360;160;200;1;-;1
Valença (RJ);20 a 24 anos;4943;2479;2464;1960;946;1014;1025;514;511;8;4;4;1948;1014;934;2;1;1
Valença (RJ);20 anos;912;459;453;375;172;203;176;87;89;-;-;-;360;200;160;1;-;1
Valença (RJ);21 anos;957;455;502;361;170;191;184;79;105;3;-;3;408;205;203;1;1;-
Valença (RJ);22 anos;1034;527;507;402;192;210;231;121;110;-;-;-;401;214;187;-;-;-
Valença (RJ);23 anos;1027;530;497;403;204;199;217;117;100;1;1;-;406;208;198;-;-;-
Valença (RJ);24 anos;1013;508;505;419;208;211;217;110;107;4;3;1;373;187;186;-;-;-
Valença (RJ);25 a 29 anos;4643;2258;2385;1857;908;949;1016;509;507;7;1;6;1761;838;923;2;2;-
Valença (RJ);25 anos;1001;475;526;402;198;204;227;108;119;2;-;2;370;169;201;-;-;-
Valença (RJ);26 anos;964;475;489;378;187;191;192;91;101;1;-;1;393;197;196;-;-;-
Valença (RJ);27 anos;940;473;467;378;185;193;215;119;96;2;-;2;345;169;176;-;-;-
Valença (RJ);28 anos;920;443;477;370;173;197;200;106;94;1;1;-;349;163;186;-;-;-
Valença (RJ);29 anos;818;392;426;329;165;164;182;85;97;1;-;1;304;140;164;2;2;-
Valença (RJ);30 a 34 anos;4302;2052;2250;1797;850;947;908;414;494;8;5;3;1585;782;803;3;1;2
Valença (RJ);30 anos;859;392;467;334;148;186;205;99;106;3;2;1;315;142;173;1;1;-
Valença (RJ);31 anos;777;373;404;346;180;166;152;60;92;2;1;1;276;132;144;1;-;1
Valença (RJ);32 anos;868;425;443;378;193;185;186;94;92;2;1;1;302;137;165;-;-;-
Valença (RJ);33 anos;927;447;480;386;160;226;195;88;107;1;1;-;345;198;147;-;-;-
Valença (RJ);34 anos;871;415;456;353;169;184;170;73;97;-;-;-;347;173;174;1;-;1
Valença (RJ);35 a 39 anos;4514;2088;2426;1920;854;1066;896;444;452;3;2;1;1692;787;905;3;1;2
Valença (RJ);35 anos;939;422;517;404;175;229;185;92;93;-;-;-;350;155;195;-;-;-
Valença (RJ);36 anos;888;414;474;383;171;212;184;87;97;1;1;-;319;155;164;1;-;1
Valença (RJ);37 anos;849;414;435;330;164;166;176;81;95;1;-;1;342;169;173;-;-;-
Valença (RJ);38 anos;899;415;484;391;168;223;181;95;86;-;-;-;327;152;175;-;-;-
Valença (RJ);39 anos;939;423;516;412;176;236;170;89;81;1;1;-;354;156;198;2;1;1
Valença (RJ);40 a 44 anos;4844;2279;2565;2121;985;1136;979;439;540;9;3;6;1733;850;883;2;2;-
Valença (RJ);40 anos;1080;510;570;472;223;249;218;94;124;1;1;-;389;192;197;-;-;-
Valença (RJ);41 anos;960;460;500;440;203;237;213;110;103;3;1;2;303;145;158;1;1;-
Valença (RJ);42 anos;1036;483;553;447;196;251;218;102;116;-;-;-;370;184;186;1;1;-
Valença (RJ);43 anos;928;434;494;398;187;211;178;71;107;2;-;2;350;176;174;-;-;-
Valença (RJ);44 anos;840;392;448;364;176;188;152;62;90;3;1;2;321;153;168;-;-;-
Valença (RJ);45 a 49 anos;4324;1989;2335;1894;845;1049;893;416;477;10;5;5;1523;723;800;4;-;4
Valença (RJ);45 anos;866;407;459;361;161;200;206;103;103;1;-;1;297;143;154;1;-;1
Valença (RJ);46 anos;899;429;470;402;201;201;175;73;102;3;1;2;319;154;165;-;-;-
Valença (RJ);47 anos;881;398;483;390;157;233;179;84;95;-;-;-;311;157;154;1;-;1
Valença (RJ);48 anos;837;382;455;370;156;214;180;95;85;2;1;1;284;130;154;1;-;1
Valença (RJ);49 anos;841;373;468;371;170;201;153;61;92;4;3;1;312;139;173;1;-;1
Valença (RJ);50 a 54 anos;4442;2082;2360;2030;938;1092;862;422;440;12;6;6;1536;715;821;2;1;1
Valença (RJ);50 anos;958;451;507;426;195;231;185;98;87;3;2;1;343;155;188;1;1;-
Valença (RJ);51 anos;894;418;476;388;178;210;179;86;93;1;1;-;326;153;173;-;-;-
Valença (RJ);52 anos;886;427;459;404;200;204;181;90;91;3;-;3;298;137;161;-;-;-
Valença (RJ);53 anos;851;389;462;413;178;235;159;85;74;1;-;1;277;126;151;1;-;1
Valença (RJ);54 anos;853;397;456;399;187;212;158;63;95;4;3;1;292;144;148;-;-;-
Valença (RJ);55 a 59 anos;4781;2197;2584;2311;1041;1270;838;360;478;13;5;8;1617;790;827;2;1;1
Valença (RJ);55 anos;929;416;513;433;189;244;169;69;100;4;1;3;323;157;166;-;-;-
Valença (RJ);56 anos;942;449;493;431;200;231;171;79;92;4;2;2;335;168;167;1;-;1
Valença (RJ);57 anos;976;465;511;490;225;265;175;78;97;2;1;1;309;161;148;-;-;-
Valença (RJ);58 anos;963;452;511;443;206;237;169;75;94;2;1;1;348;169;179;1;1;-
Valença (RJ);59 anos;971;415;556;514;221;293;154;59;95;1;-;1;302;135;167;-;-;-
Valença (RJ);60 a 64 anos;4530;2046;2484;2320;1014;1306;754;326;428;8;5;3;1442;698;744;6;3;3
Valença (RJ);60 anos;1013;474;539;508;231;277;169;73;96;1;-;1;331;167;164;4;3;1
Valença (RJ);61 anos;901;393;508;461;195;266;152;63;89;2;2;-;286;133;153;-;-;-
Valença (RJ);62 anos;947;429;518;495;213;282;130;68;62;3;2;1;318;146;172;1;-;1
Valença (RJ);63 anos;884;414;470;452;204;248;162;70;92;1;-;1;269;140;129;-;-;-
Valença (RJ);64 anos;785;336;449;404;171;233;141;52;89;1;1;-;238;112;126;1;-;1
Valença (RJ);65 a 69 anos;3511;1594;1917;1792;792;1000;562;263;299;12;4;8;1139;533;606;6;2;4
Valença (RJ);65 anos;801;374;427;404;187;217;134;61;73;2;-;2;258;125;133;3;1;2
Valença (RJ);66 anos;720;332;388;344;158;186;118;58;60;1;-;1;256;115;141;1;1;-
Valença (RJ);67 anos;696;325;371;362;160;202;103;55;48;4;1;3;226;109;117;1;-;1
Valença (RJ);68 anos;660;303;357;360;157;203;96;43;53;2;2;-;202;101;101;-;-;-
Valença (RJ);69 anos;634;260;374;322;130;192;111;46;65;3;1;2;197;83;114;1;-;1
Valença (RJ);70 a 74 anos;2729;1188;1541;1442;632;810;415;183;232;5;-;5;862;373;489;5;-;5
Valença (RJ);70 anos;631;269;362;336;148;188;85;40;45;-;-;-;210;81;129;-;-;-
Valença (RJ);71 anos;543;251;292;296;132;164;88;44;44;1;-;1;156;75;81;2;-;2
Valença (RJ);72 anos;550;233;317;289;126;163;88;34;54;1;-;1;172;73;99;-;-;-
Valença (RJ);73 anos;505;215;290;248;110;138;79;33;46;-;-;-;175;72;103;3;-;3
Valença (RJ);74 anos;500;220;280;273;116;157;75;32;43;3;-;3;149;72;77;-;-;-
Valença (RJ);75 a 79 anos;1919;814;1105;1095;447;648;320;123;197;9;2;7;492;242;250;3;-;3
Valença (RJ);75 anos;451;202;249;267;115;152;69;35;34;2;1;1;112;51;61;1;-;1
Valença (RJ);76 anos;404;181;223;217;96;121;78;29;49;3;1;2;104;55;49;2;-;2
Valença (RJ);77 anos;355;142;213;207;83;124;59;19;40;2;-;2;87;40;47;-;-;-
Valença (RJ);78 anos;378;149;229;204;85;119;75;23;52;1;-;1;98;41;57;-;-;-
Valença (RJ);79 anos;331;140;191;200;68;132;39;17;22;1;-;1;91;55;36;-;-;-
Valença (RJ);80 a 84 anos;1226;465;761;735;276;459;177;60;117;7;3;4;306;125;181;1;1;-
Valença (RJ);80 anos;318;110;208;188;66;122;53;17;36;-;-;-;77;27;50;-;-;-
Valença (RJ);81 anos;235;92;143;143;56;87;26;9;17;2;-;2;64;27;37;-;-;-
Valença (RJ);82 anos;232;91;141;142;55;87;37;13;24;2;1;1;50;21;29;1;1;-
Valença (RJ);83 anos;231;90;141;138;49;89;29;12;17;1;1;-;63;28;35;-;-;-
Valença (RJ);84 anos;210;82;128;124;50;74;32;9;23;2;1;1;52;22;30;-;-;-
Valença (RJ);85 a 89 anos;722;234;488;423;133;290;91;32;59;5;1;4;201;68;133;2;-;2
Valença (RJ);85 anos;186;65;121;112;41;71;21;7;14;1;1;-;52;16;36;-;-;-
Valença (RJ);86 anos;184;55;129;91;26;65;28;11;17;1;-;1;63;18;45;1;-;1
Valença (RJ);87 anos;136;49;87;81;25;56;19;7;12;1;-;1;34;17;17;1;-;1
Valença (RJ);88 anos;112;33;79;65;19;46;12;5;7;2;-;2;33;9;24;-;-;-
Valença (RJ);89 anos;104;32;72;74;22;52;11;2;9;-;-;-;19;8;11;-;-;-
Valença (RJ);90 a 94 anos;353;111;242;211;56;155;52;18;34;5;3;2;85;34;51;-;-;-
Valença (RJ);90 anos;123;41;82;76;23;53;21;7;14;1;1;-;25;10;15;-;-;-
Valença (RJ);91 anos;76;24;52;51;13;38;6;2;4;2;1;1;17;8;9;-;-;-
Valença (RJ);92 anos;61;16;45;31;5;26;13;6;7;-;-;-;17;5;12;-;-;-
Valença (RJ);93 anos;52;15;37;30;7;23;3;-;3;1;-;1;18;8;10;-;-;-
Valença (RJ);94 anos;41;15;26;23;8;15;9;3;6;1;1;-;8;3;5;-;-;-
Valença (RJ);95 a 99 anos;84;19;65;53;10;43;9;1;8;-;-;-;22;8;14;-;-;-
Valença (RJ);95 anos;26;6;20;18;4;14;2;-;2;-;-;-;6;2;4;-;-;-
Valença (RJ);96 anos;25;4;21;15;3;12;3;-;3;-;-;-;7;1;6;-;-;-
Valença (RJ);97 anos;13;6;7;6;2;4;1;-;1;-;-;-;6;4;2;-;-;-
Valença (RJ);98 anos;16;2;14;12;1;11;2;-;2;-;-;-;2;1;1;-;-;-
Valença (RJ);99 anos;4;1;3;2;-;2;1;1;-;-;-;-;1;-;1;-;-;-
Valença (RJ);100 anos ou mais;13;2;11;11;1;10;1;1;-;-;-;-;1;-;1;-;-;-
Varre-Sai (RJ);Total;10207;5224;4983;5043;2541;2502;1151;602;549;28;11;17;3973;2065;1908;12;5;7
Varre-Sai (RJ);0 a 4 anos;701;385;316;416;225;191;31;16;15;2;-;2;252;144;108;-;-;-
Varre-Sai (RJ);Menos de 1 ano;160;80;80;98;49;49;5;2;3;1;-;1;56;29;27;-;-;-
Varre-Sai (RJ);Menos de 1 mês;13;7;6;6;2;4;1;1;-;-;-;-;6;4;2;-;-;-
Varre-Sai (RJ);1 mês;20;11;9;13;7;6;1;1;-;-;-;-;6;3;3;-;-;-
Varre-Sai (RJ);2 meses;12;6;6;9;6;3;-;-;-;-;-;-;3;-;3;-;-;-
Varre-Sai (RJ);3 meses;19;10;9;16;8;8;1;-;1;-;-;-;2;2;-;-;-;-
Varre-Sai (RJ);4 meses;16;10;6;9;6;3;-;-;-;-;-;-;7;4;3;-;-;-
Varre-Sai (RJ);5 meses;21;11;10;11;5;6;1;-;1;-;-;-;9;6;3;-;-;-
Varre-Sai (RJ);6 meses;4;-;4;3;-;3;-;-;-;-;-;-;1;-;1;-;-;-
Varre-Sai (RJ);7 meses;10;6;4;3;2;1;-;-;-;-;-;-;7;4;3;-;-;-
Varre-Sai (RJ);8 meses;13;6;7;8;4;4;1;-;1;-;-;-;4;2;2;-;-;-
Varre-Sai (RJ);9 meses;9;4;5;5;3;2;-;-;-;1;-;1;3;1;2;-;-;-
Varre-Sai (RJ);10 meses;11;4;7;7;3;4;-;-;-;-;-;-;4;1;3;-;-;-
Varre-Sai (RJ);11 meses;12;5;7;8;3;5;-;-;-;-;-;-;4;2;2;-;-;-
Varre-Sai (RJ);1 ano;97;57;40;59;33;26;3;2;1;-;-;-;35;22;13;-;-;-
Varre-Sai (RJ);2 anos;159;91;68;100;58;42;4;1;3;-;-;-;55;32;23;-;-;-
Varre-Sai (RJ);3 anos;141;82;59;81;46;35;10;8;2;-;-;-;50;28;22;-;-;-
Varre-Sai (RJ);4 anos;144;75;69;78;39;39;9;3;6;1;-;1;56;33;23;-;-;-
Varre-Sai (RJ);5 a 9 anos;685;358;327;335;176;159;64;33;31;2;-;2;284;149;135;-;-;-
Varre-Sai (RJ);5 anos;116;55;61;58;26;32;11;4;7;1;-;1;46;25;21;-;-;-
Varre-Sai (RJ);6 anos;143;70;73;68;31;37;18;11;7;-;-;-;57;28;29;-;-;-
Varre-Sai (RJ);7 anos;142;86;56;75;45;30;6;4;2;-;-;-;61;37;24;-;-;-
Varre-Sai (RJ);8 anos;123;53;70;62;27;35;11;6;5;1;-;1;49;20;29;-;-;-
Varre-Sai (RJ);9 anos;161;94;67;72;47;25;18;8;10;-;-;-;71;39;32;-;-;-
Varre-Sai (RJ);10 a 14 anos;723;365;358;333;169;164;70;37;33;4;2;2;316;157;159;-;-;-
Varre-Sai (RJ);10 anos;130;62;68;63;33;30;11;4;7;1;1;-;55;24;31;-;-;-
Varre-Sai (RJ);11 anos;147;79;68;57;27;30;19;12;7;2;1;1;69;39;30;-;-;-
Varre-Sai (RJ);12 anos;142;64;78;73;37;36;13;6;7;-;-;-;56;21;35;-;-;-
Varre-Sai (RJ);13 anos;141;71;70;62;29;33;13;8;5;-;-;-;66;34;32;-;-;-
Varre-Sai (RJ);14 anos;163;89;74;78;43;35;14;7;7;1;-;1;70;39;31;-;-;-
Varre-Sai (RJ);15 a 19 anos;905;512;393;395;210;185;106;64;42;1;-;1;403;238;165;-;-;-
Varre-Sai (RJ);15 anos;177;99;78;73;37;36;17;11;6;-;-;-;87;51;36;-;-;-
Varre-Sai (RJ);16 anos;192;113;79;80;48;32;25;11;14;1;-;1;86;54;32;-;-;-
Varre-Sai (RJ);17 anos;184;103;81;85;52;33;22;16;6;-;-;-;77;35;42;-;-;-
Varre-Sai (RJ);18 anos;195;112;83;88;42;46;17;12;5;-;-;-;90;58;32;-;-;-
Varre-Sai (RJ);19 anos;157;85;72;69;31;38;25;14;11;-;-;-;63;40;23;-;-;-
Varre-Sai (RJ);20 a 24 anos;756;378;378;401;196;205;78;42;36;2;1;1;275;139;136;-;-;-
Varre-Sai (RJ);20 anos;176;90;86;82;44;38;18;10;8;2;1;1;74;35;39;-;-;-
Varre-Sai (RJ);21 anos;138;72;66;77;36;41;10;8;2;-;-;-;51;28;23;-;-;-
Varre-Sai (RJ);22 anos;154;76;78;89;40;49;14;9;5;-;-;-;51;27;24;-;-;-
Varre-Sai (RJ);23 anos;140;65;75;74;34;40;22;11;11;-;-;-;44;20;24;-;-;-
Varre-Sai (RJ);24 anos;148;75;73;79;42;37;14;4;10;-;-;-;55;29;26;-;-;-
Varre-Sai (RJ);25 a 29 anos;694;325;369;335;150;185;93;37;56;1;-;1;265;138;127;-;-;-
Varre-Sai (RJ);25 anos;131;59;72;72;36;36;19;4;15;-;-;-;40;19;21;-;-;-
Varre-Sai (RJ);26 anos;154;83;71;77;40;37;16;9;7;-;-;-;61;34;27;-;-;-
Varre-Sai (RJ);27 anos;162;75;87;79;30;49;24;10;14;1;-;1;58;35;23;-;-;-
Varre-Sai (RJ);28 anos;136;62;74;64;28;36;21;9;12;-;-;-;51;25;26;-;-;-
Varre-Sai (RJ);29 anos;111;46;65;43;16;27;13;5;8;-;-;-;55;25;30;-;-;-
Varre-Sai (RJ);30 a 34 anos;706;364;342;336;188;148;108;50;58;2;1;1;259;125;134;1;-;1
Varre-Sai (RJ);30 anos;125;66;59;56;36;20;20;10;10;-;-;-;49;20;29;-;-;-
Varre-Sai (RJ);31 anos;144;82;62;68;44;24;19;10;9;2;1;1;55;27;28;-;-;-
Varre-Sai (RJ);32 anos;134;62;72;72;38;34;17;6;11;-;-;-;45;18;27;-;-;-
Varre-Sai (RJ);33 anos;142;76;66;73;41;32;23;11;12;-;-;-;46;24;22;-;-;-
Varre-Sai (RJ);34 anos;161;78;83;67;29;38;29;13;16;-;-;-;64;36;28;1;-;1
Varre-Sai (RJ);35 a 39 anos;747;382;365;346;157;189;110;58;52;1;1;-;288;164;124;2;2;-
Varre-Sai (RJ);35 anos;167;85;82;75;36;39;19;9;10;-;-;-;73;40;33;-;-;-
Varre-Sai (RJ);36 anos;139;78;61;64;32;32;28;15;13;-;-;-;46;30;16;1;1;-
Varre-Sai (RJ);37 anos;116;66;50;59;32;27;18;10;8;-;-;-;39;24;15;-;-;-
Varre-Sai (RJ);38 anos;168;79;89;78;33;45;17;9;8;1;1;-;72;36;36;-;-;-
Varre-Sai (RJ);39 anos;157;74;83;70;24;46;28;15;13;-;-;-;58;34;24;1;1;-
Varre-Sai (RJ);40 a 44 anos;761;392;369;340;166;174;112;66;46;5;2;3;303;158;145;1;-;1
Varre-Sai (RJ);40 anos;163;88;75;72;38;34;27;16;11;2;1;1;61;33;28;1;-;1
Varre-Sai (RJ);41 anos;153;80;73;68;34;34;21;11;10;1;1;-;63;34;29;-;-;-
Varre-Sai (RJ);42 anos;150;78;72;68;36;32;20;14;6;-;-;-;62;28;34;-;-;-
Varre-Sai (RJ);43 anos;151;81;70;69;35;34;24;13;11;1;-;1;57;33;24;-;-;-
Varre-Sai (RJ);44 anos;144;65;79;63;23;40;20;12;8;1;-;1;60;30;30;-;-;-
Varre-Sai (RJ);45 a 49 anos;677;342;335;313;158;155;80;41;39;2;1;1;280;141;139;2;1;1
Varre-Sai (RJ);45 anos;160;95;65;75;44;31;23;11;12;1;1;-;61;39;22;-;-;-
Varre-Sai (RJ);46 anos;132;58;74;51;23;28;16;9;7;1;-;1;63;25;38;1;1;-
Varre-Sai (RJ);47 anos;121;55;66;56;25;31;8;3;5;-;-;-;56;27;29;1;-;1
Varre-Sai (RJ);48 anos;122;66;56;52;29;23;18;12;6;-;-;-;52;25;27;-;-;-
Varre-Sai (RJ);49 anos;142;68;74;79;37;42;15;6;9;-;-;-;48;25;23;-;-;-
Varre-Sai (RJ);50 a 54 anos;652;345;307;320;172;148;73;39;34;-;-;-;257;133;124;2;1;1
Varre-Sai (RJ);50 anos;163;101;62;76;45;31;18;10;8;-;-;-;69;46;23;-;-;-
Varre-Sai (RJ);51 anos;113;63;50;45;25;20;17;10;7;-;-;-;51;28;23;-;-;-
Varre-Sai (RJ);52 anos;145;78;67;79;47;32;15;7;8;-;-;-;50;23;27;1;1;-
Varre-Sai (RJ);53 anos;116;58;58;60;31;29;12;5;7;-;-;-;44;22;22;-;-;-
Varre-Sai (RJ);54 anos;115;45;70;60;24;36;11;7;4;-;-;-;43;14;29;1;-;1
Varre-Sai (RJ);55 a 59 anos;582;288;294;296;148;148;59;33;26;3;1;2;224;106;118;-;-;-
Varre-Sai (RJ);55 anos;113;58;55;65;36;29;12;4;8;1;-;1;35;18;17;-;-;-
Varre-Sai (RJ);56 anos;129;56;73;58;26;32;7;4;3;1;-;1;63;26;37;-;-;-
Varre-Sai (RJ);57 anos;105;60;45;53;26;27;10;8;2;-;-;-;42;26;16;-;-;-
Varre-Sai (RJ);58 anos;119;61;58;61;30;31;17;13;4;1;1;-;40;17;23;-;-;-
Varre-Sai (RJ);59 anos;116;53;63;59;30;29;13;4;9;-;-;-;44;19;25;-;-;-
Varre-Sai (RJ);60 a 64 anos;484;243;241;243;119;124;44;26;18;1;-;1;194;97;97;2;1;1
Varre-Sai (RJ);60 anos;109;60;49;55;34;21;6;3;3;-;-;-;47;23;24;1;-;1
Varre-Sai (RJ);61 anos;97;49;48;52;26;26;7;5;2;-;-;-;37;17;20;1;1;-
Varre-Sai (RJ);62 anos;97;45;52;46;16;30;10;8;2;-;-;-;41;21;20;-;-;-
Varre-Sai (RJ);63 anos;89;39;50;42;18;24;10;4;6;1;-;1;36;17;19;-;-;-
Varre-Sai (RJ);64 anos;92;50;42;48;25;23;11;6;5;-;-;-;33;19;14;-;-;-
Varre-Sai (RJ);65 a 69 anos;456;227;229;239;109;130;52;27;25;-;-;-;164;91;73;1;-;1
Varre-Sai (RJ);65 anos;99;55;44;48;25;23;11;8;3;-;-;-;40;22;18;-;-;-
Varre-Sai (RJ);66 anos;102;54;48;53;27;26;15;7;8;-;-;-;33;20;13;1;-;1
Varre-Sai (RJ);67 anos;95;53;42;50;26;24;7;3;4;-;-;-;38;24;14;-;-;-
Varre-Sai (RJ);68 anos;81;36;45;43;17;26;12;6;6;-;-;-;26;13;13;-;-;-
Varre-Sai (RJ);69 anos;79;29;50;45;14;31;7;3;4;-;-;-;27;12;15;-;-;-
Varre-Sai (RJ);70 a 74 anos;264;125;139;148;72;76;31;15;16;-;-;-;85;38;47;-;-;-
Varre-Sai (RJ);70 anos;49;27;22;27;16;11;8;4;4;-;-;-;14;7;7;-;-;-
Varre-Sai (RJ);71 anos;60;29;31;34;15;19;6;4;2;-;-;-;20;10;10;-;-;-
Varre-Sai (RJ);72 anos;53;21;32;25;10;15;8;3;5;-;-;-;20;8;12;-;-;-
Varre-Sai (RJ);73 anos;60;23;37;37;15;22;8;4;4;-;-;-;15;4;11;-;-;-
Varre-Sai (RJ);74 anos;42;25;17;25;16;9;1;-;1;-;-;-;16;9;7;-;-;-
Varre-Sai (RJ);75 a 79 anos;195;92;103;108;54;54;24;13;11;2;2;-;60;23;37;1;-;1
Varre-Sai (RJ);75 anos;34;16;18;17;8;9;6;3;3;-;-;-;11;5;6;-;-;-
Varre-Sai (RJ);76 anos;45;22;23;25;13;12;6;4;2;1;1;-;13;4;9;-;-;-
Varre-Sai (RJ);77 anos;32;17;15;21;12;9;2;-;2;-;-;-;9;5;4;-;-;-
Varre-Sai (RJ);78 anos;42;18;24;22;12;10;5;3;2;1;1;-;13;2;11;1;-;1
Varre-Sai (RJ);79 anos;42;19;23;23;9;14;5;3;2;-;-;-;14;7;7;-;-;-
Varre-Sai (RJ);80 a 84 anos;119;63;56;69;40;29;8;4;4;-;-;-;42;19;23;-;-;-
Varre-Sai (RJ);80 anos;21;9;12;13;7;6;2;-;2;-;-;-;6;2;4;-;-;-
Varre-Sai (RJ);81 anos;25;12;13;10;4;6;3;2;1;-;-;-;12;6;6;-;-;-
Varre-Sai (RJ);82 anos;25;15;10;17;12;5;2;1;1;-;-;-;6;2;4;-;-;-
Varre-Sai (RJ);83 anos;26;16;10;20;13;7;-;-;-;-;-;-;6;3;3;-;-;-
Varre-Sai (RJ);84 anos;22;11;11;9;4;5;1;1;-;-;-;-;12;6;6;-;-;-
Varre-Sai (RJ);85 a 89 anos;60;23;37;41;19;22;6;1;5;-;-;-;13;3;10;-;-;-
Varre-Sai (RJ);85 anos;18;7;11;11;4;7;3;1;2;-;-;-;4;2;2;-;-;-
Varre-Sai (RJ);86 anos;20;7;13;16;6;10;-;-;-;-;-;-;4;1;3;-;-;-
Varre-Sai (RJ);87 anos;8;3;5;4;3;1;2;-;2;-;-;-;2;-;2;-;-;-
Varre-Sai (RJ);88 anos;6;1;5;4;1;3;1;-;1;-;-;-;1;-;1;-;-;-
Varre-Sai (RJ);89 anos;8;5;3;6;5;1;-;-;-;-;-;-;2;-;2;-;-;-
Varre-Sai (RJ);90 a 94 anos;32;11;21;24;10;14;1;-;1;-;-;-;7;1;6;-;-;-
Varre-Sai (RJ);90 anos;10;4;6;9;4;5;-;-;-;-;-;-;1;-;1;-;-;-
Varre-Sai (RJ);91 anos;9;3;6;4;2;2;-;-;-;-;-;-;5;1;4;-;-;-
Varre-Sai (RJ);92 anos;6;2;4;4;2;2;1;-;1;-;-;-;1;-;1;-;-;-
Varre-Sai (RJ);93 anos;5;2;3;5;2;3;-;-;-;-;-;-;-;-;-;-;-;-
Varre-Sai (RJ);94 anos;2;-;2;2;-;2;-;-;-;-;-;-;-;-;-;-;-;-
Varre-Sai (RJ);95 a 99 anos;8;4;4;5;3;2;1;-;1;-;-;-;2;1;1;-;-;-
Varre-Sai (RJ);95 anos;4;3;1;2;2;-;-;-;-;-;-;-;2;1;1;-;-;-
Varre-Sai (RJ);96 anos;2;-;2;2;-;2;-;-;-;-;-;-;-;-;-;-;-;-
Varre-Sai (RJ);97 anos;1;-;1;-;-;-;1;-;1;-;-;-;-;-;-;-;-;-
Varre-Sai (RJ);98 anos;1;1;-;1;1;-;-;-;-;-;-;-;-;-;-;-;-;-
Varre-Sai (RJ);99 anos;-;-;-;-;-;-;-;-;-;-;-;-;-;-;-;-;-;-
Varre-Sai (RJ);100 anos ou mais;-;-;-;-;-;-;-;-;-;-;-;-;-;-;-;-;-;-
Vassouras (RJ);Total;33976;15957;18019;13911;6285;7626;7155;3364;3791;28;13;15;12860;6282;6578;22;13;9
Vassouras (RJ);0 a 4 anos;2021;999;1022;805;400;405;337;180;157;2;1;1;877;418;459;-;-;-
Vassouras (RJ);Menos de 1 ano;375;169;206;170;70;100;70;47;23;-;-;-;135;52;83;-;-;-
Vassouras (RJ);Menos de 1 mês;28;11;17;18;10;8;2;1;1;-;-;-;8;-;8;-;-;-
Vassouras (RJ);1 mês;44;17;27;23;11;12;5;1;4;-;-;-;16;5;11;-;-;-
Vassouras (RJ);2 meses;26;9;17;13;2;11;6;4;2;-;-;-;7;3;4;-;-;-
Vassouras (RJ);3 meses;29;16;13;13;10;3;6;3;3;-;-;-;10;3;7;-;-;-
Vassouras (RJ);4 meses;28;13;15;14;7;7;5;4;1;-;-;-;9;2;7;-;-;-
Vassouras (RJ);5 meses;30;16;14;15;6;9;5;4;1;-;-;-;10;6;4;-;-;-
Vassouras (RJ);6 meses;50;25;25;19;8;11;13;8;5;-;-;-;18;9;9;-;-;-
Vassouras (RJ);7 meses;37;16;21;14;2;12;11;10;1;-;-;-;12;4;8;-;-;-
Vassouras (RJ);8 meses;28;18;10;10;4;6;7;4;3;-;-;-;11;10;1;-;-;-
Vassouras (RJ);9 meses;26;9;17;9;3;6;4;2;2;-;-;-;13;4;9;-;-;-
Vassouras (RJ);10 meses;23;12;11;9;3;6;5;5;-;-;-;-;9;4;5;-;-;-
Vassouras (RJ);11 meses;26;7;19;13;4;9;1;1;-;-;-;-;12;2;10;-;-;-
Vassouras (RJ);1 ano;393;196;197;144;76;68;61;31;30;-;-;-;188;89;99;-;-;-
Vassouras (RJ);2 anos;368;194;174;155;74;81;55;32;23;-;-;-;158;88;70;-;-;-
Vassouras (RJ);3 anos;427;204;223;159;82;77;76;33;43;1;-;1;191;89;102;-;-;-
Vassouras (RJ);4 anos;458;236;222;177;98;79;75;37;38;1;1;-;205;100;105;-;-;-
Vassouras (RJ);5 a 9 anos;2073;1019;1054;772;371;401;365;182;183;3;2;1;932;463;469;1;1;-
Vassouras (RJ);5 anos;392;210;182;149;77;72;65;36;29;-;-;-;177;96;81;1;1;-
Vassouras (RJ);6 anos;452;210;242;162;70;92;75;35;40;-;-;-;215;105;110;-;-;-
Vassouras (RJ);7 anos;443;216;227;165;82;83;86;40;46;1;1;-;191;93;98;-;-;-
Vassouras (RJ);8 anos;424;204;220;180;84;96;67;33;34;1;1;-;176;86;90;-;-;-
Vassouras (RJ);9 anos;362;179;183;116;58;58;72;38;34;1;-;1;173;83;90;-;-;-
Vassouras (RJ);10 a 14 anos;2003;1076;927;723;367;356;401;219;182;1;1;-;877;488;389;1;1;-
Vassouras (RJ);10 anos;410;198;212;141;69;72;74;40;34;1;1;-;193;87;106;1;1;-
Vassouras (RJ);11 anos;426;247;179;158;82;76;73;47;26;-;-;-;195;118;77;-;-;-
Vassouras (RJ);12 anos;401;221;180;137;74;63;82;46;36;-;-;-;182;101;81;-;-;-
Vassouras (RJ);13 anos;412;242;170;150;83;67;85;48;37;-;-;-;177;111;66;-;-;-
Vassouras (RJ);14 anos;354;168;186;137;59;78;87;38;49;-;-;-;130;71;59;-;-;-
Vassouras (RJ);15 a 19 anos;2275;1151;1124;819;415;404;505;251;254;-;-;-;949;484;465;2;1;1
Vassouras (RJ);15 anos;430;197;233;158;74;84;82;41;41;-;-;-;189;82;107;1;-;1
Vassouras (RJ);16 anos;467;235;232;162;87;75;104;53;51;-;-;-;200;94;106;1;1;-
Vassouras (RJ);17 anos;466;254;212;162;85;77;114;60;54;-;-;-;190;109;81;-;-;-
Vassouras (RJ);18 anos;474;238;236;174;90;84;101;49;52;-;-;-;199;99;100;-;-;-
Vassouras (RJ);19 anos;438;227;211;163;79;84;104;48;56;-;-;-;171;100;71;-;-;-
Vassouras (RJ);20 a 24 anos;2512;1228;1284;910;423;487;578;284;294;1;-;1;1022;521;501;1;-;1
Vassouras (RJ);20 anos;494;229;265;186;76;110;122;51;71;-;-;-;186;102;84;-;-;-
Vassouras (RJ);21 anos;470;221;249;170;73;97;114;62;52;-;-;-;185;86;99;1;-;1
Vassouras (RJ);22 anos;534;292;242;173;90;83;125;72;53;1;-;1;235;130;105;-;-;-
Vassouras (RJ);23 anos;515;245;270;212;103;109;105;46;59;-;-;-;198;96;102;-;-;-
Vassouras (RJ);24 anos;499;241;258;169;81;88;112;53;59;-;-;-;218;107;111;-;-;-
Vassouras (RJ);25 a 29 anos;2292;1080;1212;835;377;458;535;249;286;1;-;1;919;453;466;2;1;1
Vassouras (RJ);25 anos;479;225;254;184;75;109;103;50;53;1;-;1;191;100;91;-;-;-
Vassouras (RJ);26 anos;483;218;265;183;79;104;120;55;65;-;-;-;179;84;95;1;-;1
Vassouras (RJ);27 anos;453;225;228;146;74;72;125;58;67;-;-;-;181;92;89;1;1;-
Vassouras (RJ);28 anos;451;221;230;178;84;94;96;39;57;-;-;-;177;98;79;-;-;-
Vassouras (RJ);29 anos;426;191;235;144;65;79;91;47;44;-;-;-;191;79;112;-;-;-
Vassouras (RJ);30 a 34 anos;2242;1051;1191;887;422;465;533;235;298;2;-;2;820;394;426;-;-;-
Vassouras (RJ);30 anos;418;205;213;170;74;96;97;46;51;-;-;-;151;85;66;-;-;-
Vassouras (RJ);31 anos;437;211;226;183;96;87;106;42;64;1;-;1;147;73;74;-;-;-
Vassouras (RJ);32 anos;466;209;257;181;84;97;107;52;55;1;-;1;177;73;104;-;-;-
Vassouras (RJ);33 anos;452;214;238;168;81;87;107;45;62;-;-;-;177;88;89;-;-;-
Vassouras (RJ);34 anos;469;212;257;185;87;98;116;50;66;-;-;-;168;75;93;-;-;-
Vassouras (RJ);35 a 39 anos;2412;1093;1319;918;424;494;580;252;328;5;1;4;906;414;492;3;2;1
Vassouras (RJ);35 anos;460;200;260;189;86;103;98;41;57;-;-;-;173;73;100;-;-;-
Vassouras (RJ);36 anos;441;192;249;160;73;87;110;42;68;1;1;-;170;76;94;-;-;-
Vassouras (RJ);37 anos;477;222;255;190;86;104;104;48;56;2;-;2;180;88;92;1;-;1
Vassouras (RJ);38 anos;512;238;274;176;91;85;145;69;76;1;-;1;190;78;112;-;-;-
Vassouras (RJ);39 anos;522;241;281;203;88;115;123;52;71;1;-;1;193;99;94;2;2;-
Vassouras (RJ);40 a 44 anos;2638;1255;1383;1011;469;542;620;307;313;3;2;1;1002;476;526;2;1;1
Vassouras (RJ);40 anos;577;294;283;209;108;101;137;71;66;1;1;-;229;113;116;1;1;-
Vassouras (RJ);41 anos;508;234;274;194;93;101;130;53;77;-;-;-;184;88;96;-;-;-
Vassouras (RJ);42 anos;565;263;302;220;97;123;116;58;58;-;-;-;228;108;120;1;-;1
Vassouras (RJ);43 anos;490;229;261;197;83;114;119;59;60;-;-;-;174;87;87;-;-;-
Vassouras (RJ);44 anos;498;235;263;191;88;103;118;66;52;2;1;1;187;80;107;-;-;-
Vassouras (RJ);45 a 49 anos;2228;1075;1153;898;409;489;485;235;250;2;2;-;843;429;414;-;-;-
Vassouras (RJ);45 anos;484;237;247;205;100;105;95;50;45;1;1;-;183;86;97;-;-;-
Vassouras (RJ);46 anos;432;211;221;180;81;99;99;50;49;-;-;-;153;80;73;-;-;-
Vassouras (RJ);47 anos;436;219;217;171;79;92;91;40;51;1;1;-;173;99;74;-;-;-
Vassouras (RJ);48 anos;418;196;222;155;71;84;101;46;55;-;-;-;162;79;83;-;-;-
Vassouras (RJ);49 anos;458;212;246;187;78;109;99;49;50;-;-;-;172;85;87;-;-;-
Vassouras (RJ);50 a 54 anos;2256;1030;1226;936;400;536;515;245;270;-;-;-;804;385;419;1;-;1
Vassouras (RJ);50 anos;451;221;230;173;80;93;113;54;59;-;-;-;165;87;78;-;-;-
Vassouras (RJ);51 anos;428;185;243;180;74;106;87;35;52;-;-;-;160;76;84;1;-;1
Vassouras (RJ);52 anos;480;222;258;190;84;106;127;65;62;-;-;-;163;73;90;-;-;-
Vassouras (RJ);53 anos;459;196;263;206;80;126;91;45;46;-;-;-;162;71;91;-;-;-
Vassouras (RJ);54 anos;438;206;232;187;82;105;97;46;51;-;-;-;154;78;76;-;-;-
Vassouras (RJ);55 a 59 anos;2250;1005;1245;979;399;580;482;216;266;2;1;1;784;387;397;3;2;1
Vassouras (RJ);55 anos;432;178;254;167;55;112;115;45;70;-;-;-;150;78;72;-;-;-
Vassouras (RJ);56 anos;467;207;260;214;85;129;98;44;54;1;1;-;154;77;77;-;-;-
Vassouras (RJ);57 anos;475;211;264;197;89;108;97;39;58;-;-;-;180;83;97;1;-;1
Vassouras (RJ);58 anos;470;229;241;223;95;128;82;45;37;-;-;-;163;87;76;2;2;-
Vassouras (RJ);59 anos;406;180;226;178;75;103;90;43;47;1;-;1;137;62;75;-;-;-
Vassouras (RJ);60 a 64 anos;2033;904;1129;929;409;520;400;181;219;2;1;1;699;311;388;3;2;1
Vassouras (RJ);60 anos;460;208;252;200;86;114;102;43;59;-;-;-;157;78;79;1;1;-
Vassouras (RJ);61 anos;386;167;219;174;70;104;74;35;39;-;-;-;138;62;76;-;-;-
Vassouras (RJ);62 anos;415;185;230;204;93;111;77;37;40;1;-;1;132;55;77;1;-;1
Vassouras (RJ);63 anos;414;181;233;193;81;112;75;35;40;1;1;-;145;64;81;-;-;-
Vassouras (RJ);64 anos;358;163;195;158;79;79;72;31;41;-;-;-;127;52;75;1;1;-
Vassouras (RJ);65 a 69 anos;1632;742;890;805;365;440;290;118;172;-;-;-;535;258;277;2;1;1
Vassouras (RJ);65 anos;385;171;214;178;83;95;72;23;49;-;-;-;135;65;70;-;-;-
Vassouras (RJ);66 anos;328;138;190;168;62;106;53;28;25;-;-;-;107;48;59;-;-;-
Vassouras (RJ);67 anos;319;163;156;156;84;72;61;23;38;-;-;-;101;56;45;1;-;1
Vassouras (RJ);68 anos;334;160;174;177;85;92;54;28;26;-;-;-;102;46;56;1;1;-
Vassouras (RJ);69 anos;266;110;156;126;51;75;50;16;34;-;-;-;90;43;47;-;-;-
Vassouras (RJ);70 a 74 anos;1279;545;734;627;250;377;238;101;137;1;-;1;413;194;219;-;-;-
Vassouras (RJ);70 anos;310;136;174;137;57;80;57;26;31;1;-;1;115;53;62;-;-;-
Vassouras (RJ);71 anos;253;119;134;140;61;79;28;14;14;-;-;-;85;44;41;-;-;-
Vassouras (RJ);72 anos;264;101;163;112;40;72;70;21;49;-;-;-;82;40;42;-;-;-
Vassouras (RJ);73 anos;237;104;133;131;53;78;43;22;21;-;-;-;63;29;34;-;-;-
Vassouras (RJ);74 anos;215;85;130;107;39;68;40;18;22;-;-;-;68;28;40;-;-;-
Vassouras (RJ);75 a 79 anos;844;353;491;467;192;275;134;50;84;2;1;1;241;110;131;-;-;-
Vassouras (RJ);75 anos;227;96;131;118;46;72;35;11;24;1;1;-;73;38;35;-;-;-
Vassouras (RJ);76 anos;178;88;90;103;50;53;27;13;14;-;-;-;48;25;23;-;-;-
Vassouras (RJ);77 anos;152;57;95;84;34;50;26;7;19;-;-;-;42;16;26;-;-;-
Vassouras (RJ);78 anos;158;63;95;85;32;53;31;13;18;-;-;-;42;18;24;-;-;-
Vassouras (RJ);79 anos;129;49;80;77;30;47;15;6;9;1;-;1;36;13;23;-;-;-
Vassouras (RJ);80 a 84 anos;529;203;326;303;107;196;85;38;47;-;-;-;141;58;83;-;-;-
Vassouras (RJ);80 anos;136;49;87;75;26;49;28;11;17;-;-;-;33;12;21;-;-;-
Vassouras (RJ);81 anos;101;36;65;59;19;40;14;6;8;-;-;-;28;11;17;-;-;-
Vassouras (RJ);82 anos;107;41;66;57;20;37;15;6;9;-;-;-;35;15;20;-;-;-
Vassouras (RJ);83 anos;88;32;56;53;18;35;17;7;10;-;-;-;18;7;11;-;-;-
Vassouras (RJ);84 anos;97;45;52;59;24;35;11;8;3;-;-;-;27;13;14;-;-;-
Vassouras (RJ);85 a 89 anos;280;87;193;177;50;127;41;12;29;-;-;-;61;24;37;1;1;-
Vassouras (RJ);85 anos;56;19;37;39;14;25;8;5;3;-;-;-;9;-;9;-;-;-
Vassouras (RJ);86 anos;65;20;45;46;12;34;8;3;5;-;-;-;11;5;6;-;-;-
Vassouras (RJ);87 anos;60;20;40;34;8;26;7;1;6;-;-;-;18;10;8;1;1;-
Vassouras (RJ);88 anos;55;15;40;31;8;23;7;1;6;-;-;-;17;6;11;-;-;-
Vassouras (RJ);89 anos;44;13;31;27;8;19;11;2;9;-;-;-;6;3;3;-;-;-
Vassouras (RJ);90 a 94 anos;141;50;91;92;34;58;23;5;18;1;1;-;25;10;15;-;-;-
Vassouras (RJ);90 anos;31;11;20;23;10;13;5;1;4;-;-;-;3;-;3;-;-;-
Vassouras (RJ);91 anos;32;10;22;19;5;14;7;2;5;-;-;-;6;3;3;-;-;-
Vassouras (RJ);92 anos;39;16;23;23;10;13;5;1;4;-;-;-;11;5;6;-;-;-
Vassouras (RJ);93 anos;20;5;15;15;2;13;1;1;-;-;-;-;4;2;2;-;-;-
Vassouras (RJ);94 anos;19;8;11;12;7;5;5;-;5;1;1;-;1;-;1;-;-;-
Vassouras (RJ);95 a 99 anos;31;11;20;15;2;13;7;4;3;-;-;-;9;5;4;-;-;-
Vassouras (RJ);95 anos;8;2;6;4;-;4;3;2;1;-;-;-;1;-;1;-;-;-
Vassouras (RJ);96 anos;11;4;7;5;1;4;1;1;-;-;-;-;5;2;3;-;-;-
Vassouras (RJ);97 anos;2;1;1;-;-;-;2;1;1;-;-;-;-;-;-;-;-;-
Vassouras (RJ);98 anos;9;4;5;5;1;4;1;-;1;-;-;-;3;3;-;-;-;-
Vassouras (RJ);99 anos;1;-;1;1;-;1;-;-;-;-;-;-;-;-;-;-;-;-
Vassouras (RJ);100 anos ou mais;5;-;5;3;-;3;1;-;1;-;-;-;1;-;1;-;-;-
Volta Redonda (RJ);Total;261563;122844;138719;127912;58791;69121;41527;19724;21803;454;200;254;91499;44055;47444;165;72;93
Volta Redonda (RJ);0 a 4 anos;13196;6736;6460;6765;3494;3271;1582;815;767;24;15;9;4823;2411;2412;2;1;1
Volta Redonda (RJ);Menos de 1 ano;2438;1197;1241;1266;614;652;271;121;150;8;7;1;893;455;438;-;-;-
Volta Redonda (RJ);Menos de 1 mês;195;104;91;100;50;50;25;18;7;-;-;-;70;36;34;-;-;-
Volta Redonda (RJ);1 mês;185;101;84;97;49;48;20;9;11;5;5;-;63;38;25;-;-;-
Volta Redonda (RJ);2 meses;207;97;110;107;50;57;27;11;16;-;-;-;73;36;37;-;-;-
Volta Redonda (RJ);3 meses;214;102;112;118;55;63;22;14;8;1;-;1;73;33;40;-;-;-
Volta Redonda (RJ);4 meses;219;108;111;127;62;65;26;7;19;-;-;-;66;39;27;-;-;-
Volta Redonda (RJ);5 meses;166;88;78;86;48;38;18;9;9;-;-;-;62;31;31;-;-;-
Volta Redonda (RJ);6 meses;214;92;122;101;45;56;31;11;20;1;1;-;81;35;46;-;-;-
Volta Redonda (RJ);7 meses;196;90;106;89;48;41;23;6;17;-;-;-;84;36;48;-;-;-
Volta Redonda (RJ);8 meses;190;94;96;100;46;54;14;9;5;-;-;-;76;39;37;-;-;-
Volta Redonda (RJ);9 meses;236;118;118;115;58;57;29;12;17;1;1;-;91;47;44;-;-;-
Volta Redonda (RJ);10 meses;209;116;93;111;53;58;16;9;7;-;-;-;82;54;28;-;-;-
Volta Redonda (RJ);11 meses;207;87;120;115;50;65;20;6;14;-;-;-;72;31;41;-;-;-
Volta Redonda (RJ);1 ano;2443;1226;1217;1280;629;651;293;159;134;3;2;1;866;436;430;1;-;1
Volta Redonda (RJ);2 anos;2655;1393;1262;1371;748;623;327;170;157;2;1;1;955;474;481;-;-;-
Volta Redonda (RJ);3 anos;2816;1468;1348;1419;773;646;357;189;168;4;2;2;1036;504;532;-;-;-
Volta Redonda (RJ);4 anos;2844;1452;1392;1429;730;699;334;176;158;7;3;4;1073;542;531;1;1;-
Volta Redonda (RJ);5 a 9 anos;15359;7841;7518;7318;3770;3548;2095;1075;1020;21;8;13;5919;2983;2936;6;5;1
Volta Redonda (RJ);5 anos;2837;1466;1371;1404;727;677;374;185;189;4;2;2;1054;551;503;1;1;-
Volta Redonda (RJ);6 anos;3037;1556;1481;1430;743;687;433;234;199;5;3;2;1167;575;592;2;1;1
Volta Redonda (RJ);7 anos;3083;1540;1543;1448;709;739;434;215;219;1;-;1;1198;614;584;2;2;-
Volta Redonda (RJ);8 anos;3228;1691;1537;1564;825;739;412;214;198;3;1;2;1248;650;598;1;1;-
Volta Redonda (RJ);9 anos;3174;1588;1586;1472;766;706;442;227;215;8;2;6;1252;593;659;-;-;-
Volta Redonda (RJ);10 a 14 anos;14942;7541;7401;6931;3498;3433;2064;1054;1010;26;11;15;5916;2976;2940;5;2;3
Volta Redonda (RJ);10 anos;3064;1539;1525;1452;744;708;402;187;215;4;1;3;1205;607;598;1;-;1
Volta Redonda (RJ);11 anos;3023;1533;1490;1385;706;679;398;207;191;6;4;2;1233;616;617;1;-;1
Volta Redonda (RJ);12 anos;3004;1493;1511;1450;726;724;404;206;198;7;3;4;1143;558;585;-;-;-
Volta Redonda (RJ);13 anos;3029;1545;1484;1346;677;669;443;224;219;6;2;4;1233;641;592;1;1;-
Volta Redonda (RJ);14 anos;2822;1431;1391;1298;645;653;417;230;187;3;1;2;1102;554;548;2;1;1
Volta Redonda (RJ);15 a 19 anos;15648;7960;7688;7165;3592;3573;2572;1312;1260;26;10;16;5879;3043;2836;6;3;3
Volta Redonda (RJ);15 anos;3058;1554;1504;1397;704;693;479;234;245;7;3;4;1174;612;562;1;1;-
Volta Redonda (RJ);16 anos;3220;1692;1528;1530;775;755;512;283;229;4;2;2;1173;632;541;1;-;1
Volta Redonda (RJ);17 anos;3164;1624;1540;1375;697;678;540;275;265;1;-;1;1248;652;596;-;-;-
Volta Redonda (RJ);18 anos;3146;1561;1585;1468;715;753;530;257;273;7;3;4;1140;585;555;1;1;-
Volta Redonda (RJ);19 anos;3060;1529;1531;1395;701;694;511;263;248;7;2;5;1144;562;582;3;1;2
Volta Redonda (RJ);20 a 24 anos;18001;8947;9054;8343;4034;4309;3121;1577;1544;29;11;18;6497;3320;3177;11;5;6
Volta Redonda (RJ);20 anos;3282;1681;1601;1531;749;782;537;285;252;6;3;3;1205;642;563;3;2;1
Volta Redonda (RJ);21 anos;3448;1691;1757;1640;775;865;582;295;287;2;-;2;1224;621;603;-;-;-
Volta Redonda (RJ);22 anos;3944;1936;2008;1785;834;951;715;362;353;5;2;3;1436;737;699;3;1;2
Volta Redonda (RJ);23 anos;3647;1814;1833;1678;833;845;635;328;307;8;2;6;1324;651;673;2;-;2
Volta Redonda (RJ);24 anos;3680;1825;1855;1709;843;866;652;307;345;8;4;4;1308;669;639;3;2;1
Volta Redonda (RJ);25 a 29 anos;18519;9018;9501;8656;4189;4467;3146;1550;1596;23;8;15;6684;3268;3416;10;3;7
Volta Redonda (RJ);25 anos;3758;1772;1986;1719;807;912;648;300;348;5;3;2;1385;662;723;1;-;1
Volta Redonda (RJ);26 anos;3800;1914;1886;1804;911;893;648;328;320;-;-;-;1345;674;671;3;1;2
Volta Redonda (RJ);27 anos;3793;1867;1926;1780;851;929;640;329;311;3;1;2;1368;686;682;2;-;2
Volta Redonda (RJ);28 anos;3662;1790;1872;1670;818;852;612;307;305;7;1;6;1371;663;708;2;1;1
Volta Redonda (RJ);29 anos;3506;1675;1831;1683;802;881;598;286;312;8;3;5;1215;583;632;2;1;1
Volta Redonda (RJ);30 a 34 anos;18124;8667;9457;8420;3948;4472;3276;1615;1661;29;13;16;6390;3087;3303;8;4;4
Volta Redonda (RJ);30 anos;3707;1806;1901;1700;804;896;681;347;334;5;2;3;1320;653;667;1;-;1
Volta Redonda (RJ);31 anos;3370;1551;1819;1620;734;886;601;282;319;3;2;1;1141;532;609;4;1;3
Volta Redonda (RJ);32 anos;3645;1753;1892;1717;820;897;620;322;298;8;3;5;1300;608;692;-;-;-
Volta Redonda (RJ);33 anos;3717;1776;1941;1694;769;925;682;321;361;7;2;5;1333;683;650;1;1;-
Volta Redonda (RJ);34 anos;3685;1781;1904;1689;821;868;692;343;349;6;4;2;1296;611;685;2;2;-
Volta Redonda (RJ);35 a 39 anos;19214;9088;10126;8881;4054;4827;3452;1655;1797;38;18;20;6832;3355;3477;8;4;4
Volta Redonda (RJ);35 anos;3868;1830;2038;1786;826;960;667;314;353;9;4;5;1402;685;717;4;1;3
Volta Redonda (RJ);36 anos;3712;1725;1987;1653;730;923;682;310;372;14;6;8;1362;678;684;-;-;-
Volta Redonda (RJ);37 anos;3737;1777;1960;1747;819;928;695;329;366;6;4;2;1288;624;664;-;-;-
Volta Redonda (RJ);38 anos;3877;1870;2007;1792;838;954;700;357;343;7;3;4;1376;671;705;2;1;1
Volta Redonda (RJ);39 anos;4020;1886;2134;1903;841;1062;708;345;363;2;1;1;1404;697;707;2;2;-
Volta Redonda (RJ);40 a 44 anos;20776;9722;11054;9909;4510;5399;3633;1736;1897;40;17;23;7184;3454;3730;10;5;5
Volta Redonda (RJ);40 anos;4870;2306;2564;2496;1155;1341;810;387;423;9;3;6;1554;760;794;1;1;-
Volta Redonda (RJ);41 anos;3939;1829;2110;1812;819;993;738;361;377;10;3;7;1375;644;731;4;2;2
Volta Redonda (RJ);42 anos;4529;2214;2315;2146;1006;1140;782;406;376;6;1;5;1593;801;792;2;-;2
Volta Redonda (RJ);43 anos;3871;1732;2139;1797;783;1014;702;320;382;-;-;-;1370;628;742;2;1;1
Volta Redonda (RJ);44 anos;3567;1641;1926;1658;747;911;601;262;339;15;10;5;1292;621;671;1;1;-
Volta Redonda (RJ);45 a 49 anos;17044;7825;9219;8069;3533;4536;2808;1327;1481;40;12;28;6112;2947;3165;15;6;9
Volta Redonda (RJ);45 anos;3814;1778;2036;1807;818;989;617;284;333;7;4;3;1380;672;708;3;-;3
Volta Redonda (RJ);46 anos;3493;1628;1865;1660;755;905;591;288;303;7;1;6;1233;583;650;2;1;1
Volta Redonda (RJ);47 anos;3380;1578;1802;1620;726;894;554;252;302;9;3;6;1191;595;596;6;2;4
Volta Redonda (RJ);48 anos;3228;1394;1834;1535;601;934;515;246;269;8;1;7;1169;545;624;1;1;-
Volta Redonda (RJ);49 anos;3129;1447;1682;1447;633;814;531;257;274;9;3;6;1139;552;587;3;2;1
Volta Redonda (RJ);50 a 54 anos;17148;7821;9327;8661;3858;4803;2764;1282;1482;28;14;14;5682;2661;3021;13;6;7
Volta Redonda (RJ);50 anos;3820;1782;2038;2052;962;1090;577;261;316;6;4;2;1183;554;629;2;1;1
Volta Redonda (RJ);51 anos;3275;1496;1779;1618;729;889;517;244;273;4;2;2;1134;520;614;2;1;1
Volta Redonda (RJ);52 anos;3431;1568;1863;1696;738;958;557;273;284;3;1;2;1173;555;618;2;1;1
Volta Redonda (RJ);53 anos;3261;1459;1802;1594;670;924;564;255;309;9;5;4;1090;528;562;4;1;3
Volta Redonda (RJ);54 anos;3361;1516;1845;1701;759;942;549;249;300;6;2;4;1102;504;598;3;2;1
Volta Redonda (RJ);55 a 59 anos;18212;8139;10073;9414;4110;5304;2775;1207;1568;29;14;15;5978;2800;3178;15;8;7
Volta Redonda (RJ);55 anos;3460;1520;1940;1752;756;996;529;228;301;8;3;5;1169;531;638;2;2;-
Volta Redonda (RJ);56 anos;3543;1585;1958;1822;794;1028;558;227;331;7;2;5;1149;560;589;7;2;5
Volta Redonda (RJ);57 anos;3739;1683;2056;1934;831;1103;550;248;302;8;5;3;1245;598;647;2;1;1
Volta Redonda (RJ);58 anos;3866;1734;2132;2023;893;1130;587;261;326;2;2;-;1253;577;676;1;1;-
Volta Redonda (RJ);59 anos;3604;1617;1987;1883;836;1047;551;243;308;4;2;2;1162;534;628;3;2;1
Volta Redonda (RJ);60 a 64 anos;17536;7874;9662;8857;3978;4879;2797;1250;1547;22;12;10;5843;2627;3216;17;7;10
Volta Redonda (RJ);60 anos;3847;1716;2131;1951;869;1082;604;273;331;7;4;3;1283;569;714;2;1;1
Volta Redonda (RJ);61 anos;3409;1508;1901;1751;762;989;523;239;284;4;-;4;1126;505;621;5;2;3
Volta Redonda (RJ);62 anos;3618;1621;1997;1802;804;998;606;273;333;4;2;2;1202;541;661;4;1;3
Volta Redonda (RJ);63 anos;3435;1582;1853;1728;806;922;544;243;301;4;3;1;1156;528;628;3;2;1
Volta Redonda (RJ);64 anos;3227;1447;1780;1625;737;888;520;222;298;3;3;-;1076;484;592;3;1;2
Volta Redonda (RJ);65 a 69 anos;14541;6420;8121;7420;3188;4232;2294;1023;1271;15;5;10;4793;2196;2597;19;8;11
Volta Redonda (RJ);65 anos;3469;1499;1970;1753;740;1013;549;223;326;3;-;3;1163;535;628;1;1;-
Volta Redonda (RJ);66 anos;2985;1334;1651;1556;695;861;471;198;273;2;-;2;951;439;512;5;2;3
Volta Redonda (RJ);67 anos;2920;1297;1623;1489;641;848;505;240;265;5;1;4;917;414;503;4;1;3
Volta Redonda (RJ);68 anos;2692;1203;1489;1348;566;782;403;190;213;1;-;1;937;446;491;3;1;2
Volta Redonda (RJ);69 anos;2475;1087;1388;1274;546;728;366;172;194;4;4;-;825;362;463;6;3;3
Volta Redonda (RJ);70 a 74 anos;10233;4324;5909;5452;2236;3216;1505;638;867;24;11;13;3247;1439;1808;4;-;4
Volta Redonda (RJ);70 anos;2540;1076;1464;1284;543;741;399;165;234;4;2;2;852;366;486;1;-;1
Volta Redonda (RJ);71 anos;2108;894;1214;1094;434;660;298;130;168;4;1;3;711;329;382;1;-;1
Volta Redonda (RJ);72 anos;2011;852;1159;1141;477;664;287;120;167;7;3;4;575;252;323;-;-;-
Volta Redonda (RJ);73 anos;1895;776;1119;1004;394;610;286;123;163;5;3;2;599;256;343;1;-;1
Volta Redonda (RJ);74 anos;1679;726;953;929;388;541;235;100;135;4;2;2;510;236;274;1;-;1
Volta Redonda (RJ);75 a 79 anos;5929;2410;3519;3304;1312;1992;770;304;466;18;11;7;1831;780;1051;6;3;3
Volta Redonda (RJ);75 anos;1526;628;898;837;326;511;199;87;112;4;1;3;483;212;271;3;2;1
Volta Redonda (RJ);76 anos;1288;538;750;713;298;415;176;68;108;6;3;3;390;168;222;3;1;2
Volta Redonda (RJ);77 anos;1135;464;671;643;258;385;142;57;85;5;4;1;345;145;200;-;-;-
Volta Redonda (RJ);78 anos;1008;397;611;571;227;344;149;52;97;2;2;-;286;116;170;-;-;-
Volta Redonda (RJ);79 anos;972;383;589;540;203;337;104;40;64;1;1;-;327;139;188;-;-;-
Volta Redonda (RJ);80 a 84 anos;3692;1365;2327;2225;795;1430;444;156;288;14;7;7;1005;406;599;4;1;3
Volta Redonda (RJ);80 anos;944;366;578;555;205;350;123;50;73;3;2;1;262;108;154;1;1;-
Volta Redonda (RJ);81 anos;703;274;429;422;159;263;85;31;54;1;1;-;193;83;110;2;-;2
Volta Redonda (RJ);82 anos;776;283;493;466;168;298;87;31;56;3;1;2;220;83;137;-;-;-
Volta Redonda (RJ);83 anos;635;242;393;394;144;250;74;25;49;5;3;2;161;70;91;1;-;1
Volta Redonda (RJ);84 anos;634;200;434;388;119;269;75;19;56;2;-;2;169;62;107;-;-;-
Volta Redonda (RJ);85 a 89 anos;2187;742;1445;1330;440;890;266;95;171;6;3;3;581;203;378;4;1;3
Volta Redonda (RJ);85 anos;558;218;340;336;120;216;65;31;34;5;3;2;151;63;88;1;1;-
Volta Redonda (RJ);86 anos;499;147;352;295;85;210;76;19;57;1;-;1;124;43;81;3;-;3
Volta Redonda (RJ);87 anos;416;136;280;260;81;179;45;19;26;-;-;-;111;36;75;-;-;-
Volta Redonda (RJ);88 anos;384;122;262;233;77;156;54;18;36;-;-;-;97;27;70;-;-;-
Volta Redonda (RJ);89 anos;330;119;211;206;77;129;26;8;18;-;-;-;98;34;64;-;-;-
Volta Redonda (RJ);90 a 94 anos;975;316;659;622;197;425;121;39;82;2;-;2;228;80;148;2;-;2
Volta Redonda (RJ);90 anos;292;105;187;183;62;121;34;11;23;1;-;1;74;32;42;-;-;-
Volta Redonda (RJ);91 anos;215;65;150;132;43;89;31;10;21;1;-;1;51;12;39;-;-;-
Volta Redonda (RJ);92 anos;188;59;129;124;38;86;23;6;17;-;-;-;39;15;24;2;-;2
Volta Redonda (RJ);93 anos;156;50;106;104;31;73;22;8;14;-;-;-;30;11;19;-;-;-
Volta Redonda (RJ);94 anos;124;37;87;79;23;56;11;4;7;-;-;-;34;10;24;-;-;-
Volta Redonda (RJ);95 a 99 anos;246;79;167;147;50;97;37;12;25;-;-;-;62;17;45;-;-;-
Volta Redonda (RJ);95 anos;74;20;54;43;11;32;12;3;9;-;-;-;19;6;13;-;-;-
Volta Redonda (RJ);96 anos;67;25;42;48;19;29;8;3;5;-;-;-;11;3;8;-;-;-
Volta Redonda (RJ);97 anos;44;16;28;23;10;13;12;4;8;-;-;-;9;2;7;-;-;-
Volta Redonda (RJ);98 anos;29;8;21;17;5;12;1;-;1;-;-;-;11;3;8;-;-;-
Volta Redonda (RJ);99 anos;32;10;22;16;5;11;4;2;2;-;-;-;12;3;9;-;-;-
Volta Redonda (RJ);100 anos ou mais;41;9;32;23;5;18;5;2;3;-;-;-;13;2;11;-;-;-
Rio de Janeiro;Total;12107798;5687788;6420010;4892029;2221655;2670374;1989880;948334;1041546;17075;7733;9342;5196063;2504353;2691710;12344;5529;6815
Rio de Janeiro;0 a 4 anos;649377;328349;321028;275307;138782;136525;80594;40967;39627;639;314;325;292422;148070;144352;395;207;188
Rio de Janeiro;Menos de 1 ano;113560;57310;56250;51768;26019;25749;12725;6457;6268;102;56;46;48903;24749;24154;61;28;33
Rio de Janeiro;Menos de 1 mês;8169;4153;4016;3830;1887;1943;838;409;429;6;4;2;3491;1851;1640;4;2;2
Rio de Janeiro;1 mês;8664;4417;4247;3857;1908;1949;934;491;443;7;2;5;3863;2013;1850;3;3;-
Rio de Janeiro;2 meses;9600;4780;4820;4352;2200;2152;1018;488;530;11;5;6;4216;2085;2131;3;2;1
Rio de Janeiro;3 meses;9484;4819;4665;4397;2189;2208;1073;569;504;10;5;5;4000;2054;1946;4;2;2
Rio de Janeiro;4 meses;9885;4932;4953;4569;2277;2292;1097;552;545;8;6;2;4206;2094;2112;5;3;2
Rio de Janeiro;5 meses;9221;4688;4533;4259;2175;2084;1038;515;523;5;3;2;3912;1991;1921;7;4;3
Rio de Janeiro;6 meses;9765;4929;4836;4461;2293;2168;1093;545;548;10;4;6;4193;2085;2108;8;2;6
Rio de Janeiro;7 meses;10065;5086;4979;4518;2280;2238;1161;573;588;11;8;3;4369;2222;2147;6;3;3
Rio de Janeiro;8 meses;9894;4881;5013;4510;2270;2240;1117;561;556;7;4;3;4255;2044;2211;5;2;3
Rio de Janeiro;9 meses;9710;4925;4785;4307;2168;2139;1147;586;561;4;2;2;4244;2167;2077;7;1;6
Rio de Janeiro;10 meses;9485;4823;4662;4384;2196;2188;1048;554;494;13;10;3;4035;2062;1973;5;1;4
Rio de Janeiro;11 meses;9618;4877;4741;4324;2176;2148;1161;614;547;10;3;7;4119;2081;2038;4;3;1
Rio de Janeiro;1 ano;116243;58693;57550;50807;25565;25242;13910;7133;6777;127;64;63;51313;25888;25425;81;41;40
Rio de Janeiro;2 anos;132964;67309;65655;56224;28442;27782;16662;8376;8286;145;76;69;59868;30375;29493;62;38;24
Rio de Janeiro;3 anos;140407;70799;69608;57638;29004;28634;18036;9121;8915;152;69;83;64475;32555;31920;102;47;55
Rio de Janeiro;4 anos;146203;74238;71965;58870;29752;29118;19261;9880;9381;113;49;64;67863;34503;33360;89;53;36
Rio de Janeiro;5 a 9 anos;762120;388473;373647;287534;145836;141698;106592;54407;52185;795;439;356;366685;187523;179162;497;258;239
Rio de Janeiro;5 anos;144677;73270;71407;56178;28315;27863;19717;9945;9772;143;72;71;68546;34894;33652;91;42;49
Rio de Janeiro;6 anos;154246;78758;75488;59206;30141;29065;21180;10814;10366;158;86;72;73616;37664;35952;84;51;33
Rio de Janeiro;7 anos;157281;79815;77466;59366;29749;29617;21773;11130;10643;170;99;71;75868;38780;37088;101;55;46
Rio de Janeiro;8 anos;152956;78311;74645;56634;29097;27537;21921;11195;10726;163;87;76;74132;37886;36246;105;45;60
Rio de Janeiro;9 anos;152960;78319;74641;56150;28534;27616;22001;11323;10678;161;95;66;74523;38299;36224;116;65;51
Rio de Janeiro;10 a 14 anos;719233;368468;350765;260917;132104;128813;107232;55714;51518;816;408;408;349711;179933;169778;534;298;236
Rio de Janeiro;10 anos;143961;74229;69732;52960;27166;25794;20820;10830;9990;159;83;76;69941;36108;33833;77;40;37
Rio de Janeiro;11 anos;142896;73107;69789;52408;26559;25849;20920;10876;10044;135;79;56;69307;35524;33783;120;67;53
Rio de Janeiro;12 anos;148454;75852;72602;53734;27251;26483;21853;11335;10518;178;93;85;72571;37111;35460;117;61;56
Rio de Janeiro;13 anos;144427;73635;70792;51475;25727;25748;22066;11446;10620;160;73;87;70612;36324;34288;107;60;47
Rio de Janeiro;14 anos;139495;71645;67850;50340;25401;24939;21573;11227;10346;184;80;104;67280;34866;32414;113;70;43
Rio de Janeiro;15 a 19 anos;757283;384487;372796;272677;135012;137665;129829;66474;63355;820;382;438;353332;182298;171034;608;313;295
Rio de Janeiro;15 anos;146951;74618;72333;52941;26175;26766;23425;12025;11400;131;63;68;70352;36301;34051;101;53;48
Rio de Janeiro;16 anos;148353;75524;72829;53486;26637;26849;24538;12688;11850;153;75;78;70065;36065;34000;108;58;50
Rio de Janeiro;17 anos;152078;77442;74636;54605;27317;27288;26088;13305;12783;155;72;83;71109;36685;34424;118;60;58
Rio de Janeiro;18 anos;157441;79872;77569;56753;27902;28851;28093;14403;13690;195;90;105;72248;37399;34849;146;78;68
Rio de Janeiro;19 anos;152460;77031;75429;54892;26981;27911;27685;14053;13632;186;82;104;69558;35848;33710;135;64;71
Rio de Janeiro;20 a 24 anos;872280;432658;439622;318571;153948;164623;162418;82231;80187;1071;460;611;389480;195650;193830;718;357;361
Rio de Janeiro;20 anos;159080;79291;79789;57582;27778;29804;29141;14766;14375;188;83;105;72038;36589;35449;125;72;53
Rio de Janeiro;21 anos;166512;82744;83768;60990;29609;31381;30817;15611;15206;191;78;113;74384;37384;37000;125;60;65
Rio de Janeiro;22 anos;191188;95116;96072;69686;33575;36111;35640;18073;17567;239;101;138;85460;43296;42164;159;70;89
Rio de Janeiro;23 anos;179949;88745;91204;65493;31566;33927;33598;16934;16664;216;95;121;80468;40067;40401;171;80;91
Rio de Janeiro;24 anos;175551;86762;88789;64820;31420;33400;33222;16847;16375;237;103;134;77130;38314;38816;138;75;63
Rio de Janeiro;25 a 29 anos;886649;427568;459081;326313;154050;172263;168558;83618;84940;1175;475;700;389657;188956;200701;913;451;462
Rio de Janeiro;25 anos;187109;91079;96030;69117;32667;36450;35119;17579;17540;242;90;152;82432;40647;41785;193;93;100
Rio de Janeiro;26 anos;177259;85449;91810;65601;31045;34556;33482;16569;16913;242;99;143;77736;37635;40101;188;97;91
Rio de Janeiro;27 anos;178872;86293;92579;65373;30905;34468;34261;16902;17359;225;99;126;78835;38289;40546;172;95;77
Rio de Janeiro;28 anos;177036;85373;91663;64830;30550;34280;33978;16973;17005;237;102;135;77824;37669;40155;162;75;87
Rio de Janeiro;29 anos;166373;79374;86999;61392;28883;32509;31718;15595;16123;229;85;144;72830;34716;38114;198;91;107
Rio de Janeiro;30 a 34 anos;885330;422189;463141;333948;155068;178880;162925;80653;82272;1385;626;759;386095;185386;200709;944;440;504
Rio de Janeiro;30 anos;189180;91041;98139;70458;33098;37360;34647;17438;17209;271;118;153;83607;40295;43312;189;89;100
Rio de Janeiro;31 anos;161296;77074;84222;61455;28690;32765;29994;14825;15169;278;124;154;69373;33346;36027;189;86;103
Rio de Janeiro;32 anos;185189;87963;97226;69456;32200;37256;33722;16687;17035;292;142;150;81511;38840;42671;204;92;112
Rio de Janeiro;33 anos;177591;84496;93095;67049;30910;36139;32710;16121;16589;277;127;150;77383;37255;40128;168;81;87
Rio de Janeiro;34 anos;172074;81615;90459;65530;30170;35360;31852;15582;16270;267;115;152;74221;35650;38571;194;92;102
Rio de Janeiro;35 a 39 anos;919732;433218;486514;352249;160558;191691;165001;80116;84885;1607;754;853;399804;191299;208505;1024;465;559
Rio de Janeiro;35 anos;189344;89824;99520;71990;33106;38884;33678;16584;17094;319;144;175;83152;39895;43257;194;89;105
Rio de Janeiro;36 anos;183300;86038;97262;70032;31843;38189;33132;16109;17023;315;146;169;79611;37852;41759;206;87;119
Rio de Janeiro;37 anos;175677;82479;93198;67702;30795;36907;31789;15357;16432;287;137;150;75684;36100;39584;205;86;119
Rio de Janeiro;38 anos;184174;86964;97210;70367;31936;38431;32911;16027;16884;326;167;159;80344;38719;41625;210;104;106
Rio de Janeiro;39 anos;187237;87913;99324;72158;32878;39280;33491;16039;17452;360;160;200;81013;38733;42280;209;99;110
Rio de Janeiro;40 a 44 anos;979299;462258;517041;380449;172220;208229;172559;83990;88569;1620;686;934;423537;204832;218705;1102;517;585
Rio de Janeiro;40 anos;225276;107180;118096;87017;39863;47154;39286;19417;19869;348;141;207;98385;47655;50730;234;102;132
Rio de Janeiro;41 anos;188867;89563;99304;74094;34007;40087;33480;16234;17246;297;130;167;80767;39068;41699;225;123;102
Rio de Janeiro;42 anos;211035;99794;111241;81538;36757;44781;37279;18330;18949;332;145;187;91671;44469;47202;210;91;119
Rio de Janeiro;43 anos;184638;86324;98314;71604;31990;39614;32644;15655;16989;336;148;188;79823;38424;41399;222;105;117
Rio de Janeiro;44 anos;169483;79397;90086;66196;29603;36593;29870;14354;15516;307;122;185;72891;35216;37675;211;96;115
Rio de Janeiro;45 a 49 anos;839608;391766;447842;329494;147119;182375;144765;69095;75670;1274;562;712;363128;174549;188579;922;432;490
Rio de Janeiro;45 anos;187775;89010;98765;72489;32881;39608;32453;15802;16651;275;111;164;82354;40123;42231;199;92;107
Rio de Janeiro;46 anos;166701;77636;89065;65254;29071;36183;29149;13831;15318;272;127;145;71838;34510;37328;184;95;89
Rio de Janeiro;47 anos;162082;75322;86760;64258;28614;35644;27759;13241;14518;261;123;138;69627;33262;36365;174;81;93
Rio de Janeiro;48 anos;162244;75586;86658;63953;28281;35672;27769;13358;14411;245;111;134;70080;33742;36338;187;91;96
Rio de Janeiro;49 anos;160806;74212;86594;63540;28272;35268;27635;12863;14772;221;90;131;69229;32912;36317;178;73;105
Rio de Janeiro;50 a 54 anos;801200;371074;430126;321320;142658;178662;135221;63774;71447;1144;501;643;342602;163748;178854;887;381;506
Rio de Janeiro;50 anos;183997;86580;97417;72139;32446;39693;31586;15255;16331;268;120;148;79799;38666;41133;198;90;108
Rio de Janeiro;51 anos;155192;71829;83363;63228;28055;35173;26050;12310;13740;258;104;154;65499;31294;34205;154;64;90
Rio de Janeiro;52 anos;164565;76274;88291;65477;29021;36456;28088;13285;14803;215;87;128;70600;33801;36799;178;79;99
Rio de Janeiro;53 anos;151827;69789;82038;61253;27103;34150;25471;11792;13679;210;93;117;64707;30721;33986;179;76;103
Rio de Janeiro;54 anos;145619;66602;79017;59223;26033;33190;24026;11132;12894;193;97;96;61997;29266;32731;178;72;106
Rio de Janeiro;55 a 59 anos;755206;343141;412065;320355;141384;178971;120840;54923;65917;982;462;520;312148;145999;166149;859;361;498
Rio de Janeiro;55 anos;153166;70286;82880;63048;27857;35191;24768;11537;13231;182;91;91;65002;30737;34265;158;59;99
Rio de Janeiro;56 anos;152685;69836;82849;63970;28436;35534;24833;11389;13444;228;104;124;63483;29829;33654;169;78;91
Rio de Janeiro;57 anos;150030;68189;81841;63848;28189;35659;24169;10962;13207;195;91;104;61622;28858;32764;190;84;106
Rio de Janeiro;58 anos;154727;70001;84726;66401;29295;37106;24376;10991;13385;198;98;100;63574;29550;34024;175;66;109
Rio de Janeiro;59 anos;144598;64829;79769;63088;27607;35481;22694;10044;12650;179;78;101;58467;27025;31442;167;74;93
Rio de Janeiro;60 a 64 anos;691133;306220;384913;302572;130652;171920;108478;47253;61225;845;383;462;278399;127594;150805;818;330;488
Rio de Janeiro;60 anos;156655;70622;86033;67198;29335;37863;24673;11016;13657;205;97;108;64390;30099;34291;183;72;111
Rio de Janeiro;61 anos;133478;59268;74210;58900;25599;33301;20776;9204;11572;153;60;93;53506;24345;29161;141;59;82
Rio de Janeiro;62 anos;143133;63352;79781;62530;27050;35480;22690;9773;12917;146;72;74;57602;26382;31220;160;73;87
Rio de Janeiro;63 anos;132609;58323;74286;57992;24916;33076;20911;8942;11969;172;64;108;53353;24328;29025;177;73;104
Rio de Janeiro;64 anos;125258;54655;70603;55952;23752;32200;19428;8318;11110;169;90;79;49548;22440;27108;157;53;104
Rio de Janeiro;65 a 69 anos;569287;242783;326504;260775;108714;152061;88392;36421;51971;795;353;442;218556;97008;121548;754;284;470
Rio de Janeiro;65 anos;134955;58521;76434;59762;25418;34344;21249;8924;12325;172;70;102;53588;24038;29550;183;71;112
Rio de Janeiro;66 anos;116035;49426;66609;52775;21984;30791;17928;7455;10473;157;81;76;45030;19863;25167;145;43;102
Rio de Janeiro;67 anos;110936;47137;63799;50981;21160;29821;17387;7131;10256;156;69;87;42241;18707;23534;166;68;98
Rio de Janeiro;68 anos;108901;46239;62662;50560;20934;29626;16877;6922;9955;162;64;98;41155;18267;22888;143;51;92
Rio de Janeiro;69 anos;98460;41460;57000;46697;19218;27479;14951;5989;8962;148;69;79;36542;16133;20409;117;51;66
Rio de Janeiro;70 a 74 anos;422397;174261;248136;209720;85051;124669;61579;24229;37350;839;352;487;149694;64432;85262;550;191;359
Rio de Janeiro;70 anos;103490;43511;59979;49328;20322;29006;15661;6259;9402;202;82;120;38159;16791;21368;137;56;81
Rio de Janeiro;71 anos;85513;35652;49861;42139;17287;24852;12656;5095;7561;164;65;99;30434;13162;17272;118;42;76
Rio de Janeiro;72 anos;89044;36685;52359;43850;17674;26176;13050;5210;7840;173;75;98;31862;13688;18174;106;37;69
Rio de Janeiro;73 anos;75020;30487;44533;38389;15432;22957;10504;4042;6462;156;61;95;25859;10917;14942;110;33;77
Rio de Janeiro;74 anos;69330;27926;41404;36014;14336;21678;9708;3623;6085;144;69;75;23380;9874;13506;79;23;56
Rio de Janeiro;75 a 79 anos;266297;102864;163433;143024;54807;88217;35521;12740;22781;539;252;287;86822;34946;51876;377;115;262
Rio de Janeiro;75 anos;65950;25903;40047;34624;13449;21175;8788;3177;5611;144;69;75;22309;9182;13127;84;26;58
Rio de Janeiro;76 anos;57551;22513;35038;30550;11906;18644;7774;2879;4895;107;43;64;19033;7657;11376;82;27;55
Rio de Janeiro;77 anos;51075;19781;31294;27759;10657;17102;6841;2483;4358;93;45;48;16308;6576;9732;72;19;53
Rio de Janeiro;78 anos;48564;18561;30003;26381;10041;16340;6542;2306;4236;112;54;58;15449;6136;9313;76;23;53
Rio de Janeiro;79 anos;43157;16106;27051;23710;8754;14956;5576;1895;3681;83;41;42;13723;5395;8328;63;20;43
Rio de Janeiro;80 a 84 anos;174007;62154;111853;99241;35413;63828;21514;7031;14483;407;192;215;52599;19440;33159;233;74;159
Rio de Janeiro;80 anos;43439;15990;27449;24146;8837;15309;5608;1932;3676;103;51;52;13530;5159;8371;51;10;41
Rio de Janeiro;81 anos;35310;13003;22307;20245;7450;12795;4356;1407;2949;85;39;46;10572;4091;6481;51;16;35
Rio de Janeiro;82 anos;36024;12780;23244;20291;7201;13090;4552;1505;3047;85;43;42;11045;4011;7034;47;20;27
Rio de Janeiro;83 anos;30935;10782;20153;18015;6296;11719;3634;1152;2482;82;36;46;9157;3283;5874;43;13;30
Rio de Janeiro;84 anos;28299;9599;18700;16544;5629;10915;3364;1035;2329;52;23;29;8295;2896;5399;41;15;26
Rio de Janeiro;85 a 89 anos;98222;30918;67304;59665;18901;40764;11339;3172;8167;219;92;127;26877;8719;18158;113;32;81
Rio de Janeiro;85 anos;24747;8205;16542;14723;4892;9831;2968;881;2087;62;28;34;6959;2395;4564;34;9;25
Rio de Janeiro;86 anos;23346;7505;15841;13999;4571;9428;2695;763;1932;54;18;36;6570;2145;4425;25;6;19
Rio de Janeiro;87 anos;19696;6155;13541;11935;3742;8193;2237;614;1623;39;20;19;5458;1771;3687;26;8;18
Rio de Janeiro;88 anos;16216;4987;11229;10133;3148;6985;1770;484;1286;39;22;17;4253;1326;2927;20;7;13
Rio de Janeiro;89 anos;14217;4066;10151;8875;2548;6327;1669;430;1239;25;4;21;3637;1082;2555;8;2;6
Rio de Janeiro;90 a 94 anos;44782;11898;32884;28571;7475;21096;4845;1182;3663;85;33;52;11206;3191;8015;74;17;57
Rio de Janeiro;90 anos;12820;3657;9163;7875;2242;5633;1504;381;1123;30;8;22;3390;1023;2367;21;3;18
Rio de Janeiro;91 anos;10259;2792;7467;6698;1769;4929;1009;268;741;19;12;7;2519;739;1780;14;4;10
Rio de Janeiro;92 anos;9313;2361;6952;5874;1457;4417;1013;230;783;17;6;11;2394;666;1728;15;2;13
Rio de Janeiro;93 anos;6892;1738;5154;4489;1127;3362;748;174;574;9;4;5;1633;428;1205;12;5;7
Rio de Janeiro;94 anos;5498;1350;4148;3635;880;2755;571;129;442;10;3;7;1270;335;935;12;3;9
Rio de Janeiro;95 a 99 anos;12286;2693;9593;8038;1698;6340;1392;302;1090;17;7;10;2821;680;2141;17;5;12
Rio de Janeiro;95 anos;4105;945;3160;2733;603;2130;424;97;327;3;1;2;941;243;698;4;1;3
Rio de Janeiro;96 anos;3129;717;2412;2074;463;1611;356;81;275;3;1;2;690;170;520;5;1;4
Rio de Janeiro;97 anos;2212;483;1729;1437;301;1136;253;58;195;4;3;1;515;119;396;3;2;1
Rio de Janeiro;98 anos;1716;328;1388;1104;208;896;214;35;179;4;1;3;393;84;309;1;-;1
Rio de Janeiro;99 anos;1124;220;904;690;123;567;145;31;114;3;1;2;282;64;218;4;1;3
Rio de Janeiro;100 anos ou mais;2070;348;1722;1289;205;1084;286;42;244;1;-;1;488;100;388;5;1;4
Rio de Janeiro;Total;11760550;5518197;6242353;4748580;2153865;2594715;1946523;926373;1020150;16284;7346;8938;5037544;2425479;2612065;11227;4959;6268
Rio de Janeiro;0 a 4 anos;627644;317388;310256;265283;133789;131494;78819;40041;38778;609;299;310;282642;143112;139530;272;139;133
Rio de Janeiro;Menos de 1 ano;109661;55394;54267;49801;25089;24712;12444;6317;6127;98;54;44;47279;23915;23364;38;18;20
Rio de Janeiro;Menos de 1 mês;7885;4005;3880;3679;1811;1868;823;405;418;5;3;2;3374;1784;1590;4;2;2
Rio de Janeiro;1 mês;8381;4282;4099;3727;1854;1873;914;482;432;6;2;4;3731;1941;1790;3;3;-
Rio de Janeiro;2 meses;9283;4639;4644;4197;2134;2063;1001;483;518;11;5;6;4072;2016;2056;2;1;1
Rio de Janeiro;3 meses;9144;4667;4477;4227;2119;2108;1047;554;493;9;4;5;3860;1990;1870;1;-;1
Rio de Janeiro;4 meses;9521;4762;4759;4394;2189;2205;1058;536;522;8;6;2;4058;2028;2030;3;3;-
Rio de Janeiro;5 meses;8902;4518;4384;4111;2101;2010;1011;504;507;5;3;2;3773;1908;1865;2;2;-
Rio de Janeiro;6 meses;9413;4742;4671;4272;2193;2079;1065;530;535;10;4;6;4062;2015;2047;4;-;4
Rio de Janeiro;7 meses;9728;4916;4812;4350;2197;2153;1139;559;580;11;8;3;4225;2150;2075;3;2;1
Rio de Janeiro;8 meses;9527;4690;4837;4315;2170;2145;1099;547;552;6;4;2;4103;1967;2136;4;2;2
Rio de Janeiro;9 meses;9393;4775;4618;4154;2098;2056;1121;571;550;4;2;2;4109;2103;2006;4;-;4
Rio de Janeiro;10 meses;9199;4690;4509;4222;2121;2101;1020;540;480;13;10;3;3939;2018;1921;5;1;4
Rio de Janeiro;11 meses;9285;4708;4577;4153;2102;2051;1146;606;540;10;3;7;3973;1995;1978;3;2;1
Rio de Janeiro;1 ano;112319;56729;55590;48941;24638;24303;13616;6982;6634;123;62;61;49581;25022;24559;53;23;30
Rio de Janeiro;2 anos;128444;65030;63414;54108;27397;26711;16285;8171;8114;139;73;66;57869;29364;28505;41;24;17
Rio de Janeiro;3 anos;135755;68438;67317;55599;27943;27656;17640;8923;8717;142;63;79;62297;31472;30825;73;34;39
Rio de Janeiro;4 anos;141465;71797;69668;56834;28722;28112;18834;9648;9186;107;47;60;65616;33339;32277;67;40;27
Rio de Janeiro;5 a 9 anos;738510;376434;362076;277579;140788;136791;104402;53265;51137;763;421;342;355359;181752;173607;391;198;193
Rio de Janeiro;5 anos;140161;71038;69123;54220;27342;26878;19331;9756;9575;137;70;67;66398;33836;32562;73;32;41
Rio de Janeiro;6 anos;149457;76301;73156;57211;29127;28084;20751;10584;10167;150;82;68;71283;36471;34812;60;35;25
Rio de Janeiro;7 anos;152317;77255;75062;57233;28674;28559;21313;10884;10429;161;92;69;73525;37559;35966;82;44;38
Rio de Janeiro;8 anos;148211;75868;72343;54659;28071;26588;21461;10956;10505;161;86;75;71847;36719;35128;82;35;47
Rio de Janeiro;9 anos;148364;75972;72392;54256;27574;26682;21546;11085;10461;154;91;63;72306;37167;35139;94;52;42
Rio de Janeiro;10 a 14 anos;696742;356821;339921;251954;127455;124499;105017;54550;50467;787;397;390;338540;174167;164373;424;244;180
Rio de Janeiro;10 anos;139430;71843;67587;51146;26189;24957;20373;10600;9773;150;80;70;67693;34940;32753;65;33;32
Rio de Janeiro;11 anos;138464;70855;67609;50626;25641;24985;20544;10674;9870;130;77;53;67071;34409;32662;87;52;35
Rio de Janeiro;12 anos;143796;73419;70377;51879;26276;25603;21396;11094;10302;170;90;80;70259;35910;34349;91;48;43
Rio de Janeiro;13 anos;139872;71272;68600;49663;24802;24861;21588;11207;10381;157;72;85;68374;35141;33233;85;47;38
Rio de Janeiro;14 anos;135180;69432;65748;48640;24547;24093;21116;10975;10141;180;78;102;65143;33767;31376;96;64;32
Rio de Janeiro;15 a 19 anos;733557;372436;361121;263484;130407;133077;126930;64968;61962;782;362;420;341850;176437;165413;495;254;241
Rio de Janeiro;15 anos;142250;72222;70028;51084;25246;25838;22924;11752;11172;119;58;61;68036;35120;32916;86;45;41
Rio de Janeiro;16 anos;143553;73104;70449;51559;25678;25881;24018;12418;11600;148;71;77;67746;34893;32853;79;43;36
Rio de Janeiro;17 anos;147305;74952;72353;52795;26372;26423;25493;12999;12494;147;68;79;68772;35463;33309;95;47;48
Rio de Janeiro;18 anos;152589;77436;75153;54870;26991;27879;27425;14058;13367;190;86;104;69978;36237;33741;121;64;57
Rio de Janeiro;19 anos;147860;74722;73138;53176;26120;27056;27070;13741;13329;178;79;99;67318;34724;32594;114;55;59
Rio de Janeiro;20 a 24 anos;847232;420208;427024;309018;149343;159675;158922;80437;78485;1029;441;588;377618;189672;187946;624;304;320
Rio de Janeiro;20 anos;154491;76988;77503;55861;26944;28917;28486;14418;14068;182;81;101;69852;35485;34367;105;58;47
Rio de Janeiro;21 anos;161615;80303;81312;59157;28721;30436;30135;15249;14886;181;74;107;72026;36203;35823;111;54;57
Rio de Janeiro;22 anos;185677;92372;93305;67527;32510;35017;34909;17712;17197;224;92;132;82872;41996;40876;141;61;80
Rio de Janeiro;23 anos;174955;86262;88693;63616;30688;32928;32869;16561;16308;209;92;117;78114;38852;39262;144;66;78
Rio de Janeiro;24 anos;170494;84283;86211;62857;30480;32377;32523;16497;16026;233;102;131;74754;37136;37618;123;65;58
Rio de Janeiro;25 a 29 anos;861607;415587;446020;316795;149611;167184;164869;81743;83126;1128;456;672;377942;183345;194597;840;414;426
Rio de Janeiro;25 anos;181870;88544;93326;67155;31750;35405;34335;17168;17167;235;86;149;79967;39457;40510;172;80;92
Rio de Janeiro;26 anos;172192;83065;89127;63727;30178;33549;32722;16211;16511;229;94;135;75326;36487;38839;178;91;87
Rio de Janeiro;27 anos;174023;83941;90082;63529;30031;33498;33566;16541;17025;214;95;119;76553;37183;39370;155;88;67
Rio de Janeiro;28 anos;171964;82890;89074;62845;29621;33224;33235;16568;16667;229;98;131;75499;36530;38969;151;69;82
Rio de Janeiro;29 anos;161558;77147;84411;59539;28031;31508;31011;15255;15756;221;83;138;70597;33688;36909;184;86;98
Rio de Janeiro;30 a 34 anos;860649;410458;450191;324557;150822;173735;159363;78854;80509;1328;592;736;374491;179773;194718;877;401;476
Rio de Janeiro;30 anos;183783;88477;95306;68364;32152;36212;33892;17080;16812;257;114;143;81085;39046;42039;177;82;95
Rio de Janeiro;31 anos;156966;75039;81927;59836;27936;31900;29383;14522;14861;269;119;150;67297;32381;34916;174;78;96
Rio de Janeiro;32 anos;180079;85561;94518;67535;31335;36200;32966;16297;16669;277;132;145;79107;37710;41397;190;85;105
Rio de Janeiro;33 anos;172661;82107;90554;65181;30057;35124;32029;15773;16256;266;119;147;75026;36082;38944;155;74;81
Rio de Janeiro;34 anos;167160;79274;87886;63641;29342;34299;31093;15182;15911;259;108;151;71976;34554;37422;181;82;99
Rio de Janeiro;35 a 39 anos;892793;420254;472539;341510;155643;185867;161235;78237;82998;1527;713;814;387529;185206;202323;949;431;518
Rio de Janeiro;35 anos;183592;87080;96512;69640;32046;37594;32913;16188;16725;307;142;165;80541;38613;41928;181;85;96
Rio de Janeiro;36 anos;178033;83455;94578;67973;30884;37089;32399;15746;16653;297;136;161;77175;36613;40562;186;76;110
Rio de Janeiro;37 anos;170448;79960;90488;65685;29849;35836;31028;14987;16041;277;131;146;73260;34911;38349;188;78;110
Rio de Janeiro;38 anos;178836;84434;94402;68233;30987;37246;32126;15659;16467;305;155;150;77958;37523;40435;200;100;100
Rio de Janeiro;39 anos;181884;85325;96559;69979;31877;38102;32769;15657;17112;341;149;192;78595;37546;41049;194;92;102
Rio de Janeiro;40 a 44 anos;950365;448281;502084;368875;166873;202002;168581;81943;86638;1567;668;899;410300;198311;211989;1011;474;537
Rio de Janeiro;40 anos;218357;103866;114491;84203;38589;45614;38345;18950;19395;333;138;195;95253;46093;49160;217;94;123
Rio de Janeiro;41 anos;183445;86996;96449;71917;32982;38935;32756;15867;16889;287;127;160;78274;37907;40367;207;112;95
Rio de Janeiro;42 anos;204794;96737;108057;79049;35621;43428;36421;17876;18545;319;137;182;88815;43022;45793;185;79;106
Rio de Janeiro;43 anos;179208;83728;95480;69499;31007;38492;31869;15270;16599;331;147;184;77293;37204;40089;208;99;109
Rio de Janeiro;44 anos;164561;76954;87607;64207;28674;35533;29190;13980;15210;297;119;178;70665;34085;36580;194;90;104
Rio de Janeiro;45 a 49 anos;815109;379778;435331;319648;142509;177139;141367;67340;74027;1221;535;686;351989;168992;182997;860;393;467
Rio de Janeiro;45 anos;182274;86269;96005;70224;31806;38418;31710;15386;16324;261;105;156;79894;38892;41002;180;79;101
Rio de Janeiro;46 anos;161816;75275;86541;63310;28191;35119;28482;13495;14987;256;115;141;69592;33384;36208;172;88;84
Rio de Janeiro;47 anos;157261;73046;84215;62327;27723;34604;27105;12922;14183;253;121;132;67410;32208;35202;163;71;92
Rio de Janeiro;48 anos;157528;73252;84276;62059;27398;34661;27099;13000;14099;239;109;130;67948;32657;35291;174;85;89
Rio de Janeiro;49 anos;156230;71936;84294;61728;27391;34337;26971;12537;14434;212;85;127;67145;31851;35294;171;70;101
Rio de Janeiro;50 a 54 anos;778571;360233;418338;312111;138520;173591;132190;62267;69923;1091;477;614;332305;158593;173712;849;364;485
Rio de Janeiro;50 anos;178779;83999;94780;70094;31480;38614;30840;14889;15951;252;110;142;77397;37429;39968;189;88;101
Rio de Janeiro;51 anos;150826;69734;81092;61407;27216;34191;25474;12024;13450;250;101;149;63548;30332;33216;144;59;85
Rio de Janeiro;52 anos;160028;74139;85889;63634;28222;35412;27494;12987;14507;210;84;126;68509;32766;35743;174;79;95
Rio de Janeiro;53 anos;147476;67720;79756;59480;26309;33171;24896;11509;13387;193;87;106;62730;29739;32991;171;72;99
Rio de Janeiro;54 anos;141462;64641;76821;57496;25293;32203;23486;10858;12628;186;95;91;60121;28327;31794;171;66;105
Rio de Janeiro;55 a 59 anos;734044;332879;401165;311427;137275;174152;118134;53538;64596;931;432;499;302716;141279;161437;815;344;471
Rio de Janeiro;55 anos;148727;68112;80615;61217;27027;34190;24187;11232;12955;174;87;87;62994;29707;33287;148;55;93
Rio de Janeiro;56 anos;148427;67707;80720;62208;27583;34625;24260;11084;13176;217;96;121;61582;28868;32714;158;76;82
Rio de Janeiro;57 anos;145806;66191;79615;62058;27383;34675;23622;10688;12934;181;82;99;59760;27953;31807;179;80;99
Rio de Janeiro;58 anos;150467;67918;82549;64569;28416;36153;23861;10734;13127;190;94;96;61675;28610;33065;169;63;106
Rio de Janeiro;59 anos;140617;62951;77666;61375;26866;34509;22204;9800;12404;169;73;96;56705;26141;30564;161;70;91
Rio de Janeiro;60 a 64 anos;672207;297158;375049;294263;126770;167493;106136;46109;60027;788;356;432;270212;123597;146615;787;318;469
Rio de Janeiro;60 anos;152273;68461;83812;65239;28390;36849;24119;10743;13376;192;89;103;62541;29166;33375;176;70;106
Rio de Janeiro;61 anos;129885;57561;72324;57319;24884;32435;20344;8991;11353;138;56;82;51949;23573;28376;133;56;77
Rio de Janeiro;62 anos;139259;61527;77732;60882;26269;34613;22227;9546;12681;140;70;70;55851;25569;30282;154;71;83
Rio de Janeiro;63 anos;128941;56597;72344;56383;24182;32201;20444;8720;11724;161;59;102;51779;23566;28213;170;70;100
Rio de Janeiro;64 anos;121849;53012;68837;54440;23045;31395;19002;8109;10893;157;82;75;48092;21723;26369;154;51;103
Rio de Janeiro;65 a 69 anos;554507;235596;318911;254071;105598;148473;86627;35532;51095;750;329;421;212316;93859;118457;728;275;453
Rio de Janeiro;65 anos;131310;56710;74600;58166;24645;33521;20774;8694;12080;163;66;97;52032;23238;28794;174;67;107
Rio de Janeiro;66 anos;113102;48043;65059;51424;21390;30034;17614;7288;10326;148;75;73;43774;19248;24526;142;42;100
Rio de Janeiro;67 anos;108044;45742;62302;49680;20570;29110;17029;6956;10073;141;63;78;41030;18086;22944;159;65;94
Rio de Janeiro;68 anos;106071;44853;61218;49280;20321;28959;16518;6735;9783;157;61;96;39973;17685;22288;139;50;89
Rio de Janeiro;69 anos;95980;40248;55732;45521;18672;26849;14692;5859;8833;141;64;77;35507;15602;19905;114;51;63
Rio de Janeiro;70 a 74 anos;411981;169293;242688;204713;82727;121986;60375;23641;36734;794;331;463;145551;62408;83143;533;180;353
Rio de Janeiro;70 anos;100752;42194;58558;47998;19708;28290;15327;6095;9232;190;76;114;37104;16263;20841;130;51;79
Rio de Janeiro;71 anos;83497;34711;48786;41194;16861;24333;12431;4983;7448;153;57;96;29600;12768;16832;117;41;76
Rio de Janeiro;72 anos;86897;35644;51253;42847;17192;25655;12813;5084;7729;169;74;95;30962;13258;17704;103;35;68
Rio de Janeiro;73 anos;73174;29623;43551;37508;15047;22461;10283;3936;6347;143;56;87;25132;10551;14581;106;31;75
Rio de Janeiro;74 anos;67661;27121;40540;35166;13919;21247;9521;3543;5978;139;68;71;22753;9568;13185;77;22;55
Rio de Janeiro;75 a 79 anos;260209;100061;160148;140014;53429;86585;34860;12457;22403;508;233;275;84456;33830;50626;357;108;249
Rio de Janeiro;75 anos;64349;25173;39176;33860;13092;20768;8616;3109;5507;134;63;71;21663;8886;12777;75;23;52
Rio de Janeiro;76 anos;56247;21895;34352;29921;11608;18313;7632;2819;4813;101;38;63;18508;7403;11105;80;26;54
Rio de Janeiro;77 anos;49879;19218;30661;27160;10378;16782;6707;2427;4280;89;43;46;15851;6351;9500;70;18;52
Rio de Janeiro;78 anos;47457;18061;29396;25810;9780;16030;6407;2240;4167;107;51;56;15055;5967;9088;74;22;52
Rio de Janeiro;79 anos;42277;15714;26563;23263;8571;14692;5498;1862;3636;77;38;39;13379;5223;8156;58;19;39
Rio de Janeiro;80 a 84 anos;170389;60524;109865;97326;34581;62745;21159;6885;14274;384;183;201;51284;18799;32485;223;72;151
Rio de Janeiro;80 anos;42469;15541;26928;23641;8615;15026;5508;1889;3619;94;48;46;13176;4978;8198;49;10;39
Rio de Janeiro;81 anos;34563;12672;21891;19845;7283;12562;4283;1377;2906;84;39;45;10302;3958;6344;48;15;33
Rio de Janeiro;82 anos;35315;12459;22856;19924;7039;12885;4482;1476;3006;78;40;38;10782;3884;6898;45;20;25
Rio de Janeiro;83 anos;30296;10495;19801;17676;6140;11536;3577;1135;2442;79;35;44;8919;3170;5749;41;13;28
Rio de Janeiro;84 anos;27746;9357;18389;16240;5504;10736;3309;1008;2301;49;21;28;8105;2809;5296;40;14;26
Rio de Janeiro;85 a 89 anos;96329;30175;66154;58620;18505;40115;11133;3082;8051;204;85;119;26254;8472;17782;109;29;80
Rio de Janeiro;85 anos;24275;8010;16265;14462;4790;9672;2907;852;2055;57;26;31;6815;2334;4481;33;8;25
Rio de Janeiro;86 anos;22878;7313;15565;13744;4470;9274;2642;737;1905;52;17;35;6412;2081;4331;25;6;19
Rio de Janeiro;87 anos;19316;6010;13306;11728;3666;8062;2200;598;1602;37;18;19;5325;1721;3604;25;7;18
Rio de Janeiro;88 anos;15925;4867;11058;9975;3086;6889;1750;474;1276;37;20;17;4143;1281;2862;19;6;13
Rio de Janeiro;89 anos;13935;3975;9960;8711;2493;6218;1634;421;1213;21;4;17;3559;1055;2504;7;2;5
Rio de Janeiro;90 a 94 anos;44001;11657;32344;28133;7346;20787;4760;1152;3608;76;30;46;10963;3116;7847;68;13;55
Rio de Janeiro;90 anos;12597;3590;9007;7742;2202;5540;1480;372;1108;29;8;21;3325;1005;2320;21;3;18
Rio de Janeiro;91 anos;10088;2735;7353;6601;1740;4861;992;261;731;17;11;6;2466;721;1745;12;2;10
Rio de Janeiro;92 anos;9132;2306;6826;5778;1426;4352;994;224;770;13;5;8;2334;650;1684;13;1;12
Rio de Janeiro;93 anos;6775;1702;5073;4430;1114;3316;731;168;563;7;3;4;1595;413;1182;11;4;7
Rio de Janeiro;94 anos;5409;1324;4085;3582;864;2718;563;127;436;10;3;7;1243;327;916;11;3;8
Rio de Janeiro;95 a 99 anos;12075;2639;9436;7932;1675;6257;1365;291;1074;16;6;10;2748;662;2086;13;4;9
Rio de Janeiro;95 anos;4036;929;3107;2697;596;2101;415;92;323;3;1;2;918;239;679;3;1;2
Rio de Janeiro;96 anos;3089;706;2383;2052;458;1594;351;78;273;3;1;2;679;167;512;3;1;2
Rio de Janeiro;97 anos;2155;463;1692;1406;292;1114;249;56;193;3;2;1;495;112;383;2;1;1
Rio de Janeiro;98 anos;1689;323;1366;1094;207;887;208;34;174;4;1;3;382;81;301;1;-;1
Rio de Janeiro;99 anos;1106;218;888;683;122;561;142;31;111;3;1;2;274;63;211;4;1;3
Rio de Janeiro;100 anos ou mais;2029;337;1692;1267;199;1068;279;41;238;1;-;1;479;97;382;2;-;2
Araruama/RJ;Total;157591;74880;82711;63002;29095;33907;24294;11900;12394;110;55;55;69989;33747;36242;196;83;113
Araruama/RJ;0 a 4 anos;8785;4395;4390;3589;1790;1799;1045;500;545;2;1;1;4143;2102;2041;6;2;4
Araruama/RJ;Menos de 1 ano;1565;776;789;710;360;350;159;85;74;-;-;-;695;331;364;1;-;1
Araruama/RJ;Menos de 1 mês;105;48;57;49;22;27;5;3;2;-;-;-;51;23;28;-;-;-
Araruama/RJ;1 mês;123;60;63;55;26;29;9;4;5;-;-;-;59;30;29;-;-;-
Araruama/RJ;2 meses;140;56;84;62;29;33;10;5;5;-;-;-;68;22;46;-;-;-
Araruama/RJ;3 meses;121;53;68;52;21;31;21;9;12;-;-;-;47;23;24;1;-;1
Araruama/RJ;4 meses;138;69;69;75;39;36;10;5;5;-;-;-;53;25;28;-;-;-
Araruama/RJ;5 meses;138;77;61;68;38;30;10;6;4;-;-;-;60;33;27;-;-;-
Araruama/RJ;6 meses;140;66;74;69;34;35;13;7;6;-;-;-;58;25;33;-;-;-
Araruama/RJ;7 meses;140;61;79;57;23;34;16;12;4;-;-;-;67;26;41;-;-;-
Araruama/RJ;8 meses;141;82;59;62;39;23;14;7;7;-;-;-;65;36;29;-;-;-
Araruama/RJ;9 meses;130;75;55;56;36;20;16;7;9;-;-;-;58;32;26;-;-;-
Araruama/RJ;10 meses;122;63;59;59;33;26;16;9;7;-;-;-;47;21;26;-;-;-
Araruama/RJ;11 meses;127;66;61;46;20;26;19;11;8;-;-;-;62;35;27;-;-;-
Araruama/RJ;1 ano;1563;818;745;634;328;306;195;98;97;-;-;-;732;390;342;2;2;-
Araruama/RJ;2 anos;1789;875;914;744;353;391;193;87;106;1;1;-;851;434;417;-;-;-
Araruama/RJ;3 anos;1856;894;962;728;356;372;242;103;139;1;-;1;884;435;449;1;-;1
Araruama/RJ;4 anos;2012;1032;980;773;393;380;256;127;129;-;-;-;981;512;469;2;-;2
Araruama/RJ;5 a 9 anos;10209;5234;4975;3730;1928;1802;1318;674;644;4;2;2;5150;2627;2523;7;3;4
Araruama/RJ;5 anos;1864;924;940;700;359;341;255;127;128;-;-;-;908;438;470;1;-;1
Araruama/RJ;6 anos;2111;1103;1008;776;420;356;264;133;131;1;-;1;1069;549;520;1;1;-
Araruama/RJ;7 anos;2127;1077;1050;752;364;388;269;144;125;1;1;-;1103;566;537;2;2;-
Araruama/RJ;8 anos;2045;1051;994;739;367;372;276;137;139;1;-;1;1029;547;482;-;-;-
Araruama/RJ;9 anos;2062;1079;983;763;418;345;254;133;121;1;1;-;1041;527;514;3;-;3
Araruama/RJ;10 a 14 anos;9850;5106;4744;3607;1883;1724;1279;691;588;6;1;5;4952;2530;2422;6;1;5
Araruama/RJ;10 anos;1964;1007;957;742;382;360;270;143;127;-;-;-;951;482;469;1;-;1
Araruama/RJ;11 anos;1893;978;915;719;387;332;236;117;119;1;-;1;937;474;463;-;-;-
Araruama/RJ;12 anos;2092;1106;986;768;418;350;278;151;127;1;-;1;1043;537;506;2;-;2
Araruama/RJ;13 anos;1983;994;989;709;339;370;237;123;114;-;-;-;1036;531;505;1;1;-
Araruama/RJ;14 anos;1918;1021;897;669;357;312;258;157;101;4;1;3;985;506;479;2;-;2
Araruama/RJ;15 a 19 anos;10368;5356;5012;3759;1877;1882;1604;833;771;5;1;4;4994;2640;2354;6;5;1
Araruama/RJ;15 anos;2072;1102;970;742;379;363;304;154;150;-;-;-;1024;567;457;2;2;-
Araruama/RJ;16 anos;2067;1101;966;748;385;363;326;176;150;2;1;1;990;538;452;1;1;-
Araruama/RJ;17 anos;2077;1079;998;749;392;357;306;165;141;1;-;1;1021;522;499;-;-;-
Araruama/RJ;18 anos;2166;1085;1081;804;380;424;350;188;162;-;-;-;1010;516;494;2;1;1
Araruama/RJ;19 anos;1986;989;997;716;341;375;318;150;168;2;-;2;949;497;452;1;1;-
Araruama/RJ;20 a 24 anos;10307;5118;5189;3666;1836;1830;1875;959;916;11;7;4;4750;2315;2435;5;1;4
Araruama/RJ;20 anos;1964;979;985;672;317;355;361;190;171;4;4;-;926;468;458;1;-;1
Araruama/RJ;21 anos;2000;1014;986;730;378;352;365;193;172;1;-;1;903;443;460;1;-;1
Araruama/RJ;22 anos;2283;1147;1136;806;424;382;407;212;195;3;1;2;1066;510;556;1;-;1
Araruama/RJ;23 anos;2072;1010;1062;734;366;368;373;169;204;1;1;-;963;474;489;1;-;1
Araruama/RJ;24 anos;1988;968;1020;724;351;373;369;195;174;2;1;1;892;420;472;1;1;-
Araruama/RJ;25 a 29 anos;9690;4656;5034;3435;1662;1773;1889;930;959;6;4;2;4350;2055;2295;10;5;5
Araruama/RJ;25 anos;2056;991;1065;723;343;380;391;186;205;-;-;-;941;462;479;1;-;1
Araruama/RJ;26 anos;1918;928;990;668;317;351;355;168;187;1;1;-;891;440;451;3;2;1
Araruama/RJ;27 anos;2008;953;1055;720;354;366;405;200;205;2;1;1;878;397;481;3;1;2
Araruama/RJ;28 anos;1919;913;1006;674;324;350;378;183;195;2;1;1;863;404;459;2;1;1
Araruama/RJ;29 anos;1789;871;918;650;324;326;360;193;167;1;1;-;777;352;425;1;1;-
Araruama/RJ;30 a 34 anos;9809;4585;5224;3606;1664;1942;1762;860;902;7;2;5;4427;2057;2370;7;2;5
Araruama/RJ;30 anos;2130;1026;1104;768;376;392;392;197;195;1;-;1;967;452;515;2;1;1
Araruama/RJ;31 anos;1740;814;926;634;302;332;327;163;164;1;-;1;778;349;429;-;-;-
Araruama/RJ;32 anos;2008;934;1074;757;340;417;325;157;168;1;-;1;924;437;487;1;-;1
Araruama/RJ;33 anos;1988;952;1036;725;334;391;358;179;179;1;1;-;903;438;465;1;-;1
Araruama/RJ;34 anos;1943;859;1084;722;312;410;360;164;196;3;1;2;855;381;474;3;1;2
Araruama/RJ;35 a 39 anos;10783;4935;5848;3945;1734;2211;1875;909;966;7;4;3;4940;2280;2660;16;8;8
Araruama/RJ;35 anos;2111;981;1130;740;337;403;349;155;194;-;-;-;1019;488;531;3;1;2
Araruama/RJ;36 anos;2250;1006;1244;845;368;477;401;186;215;-;-;-;1001;450;551;3;2;1
Araruama/RJ;37 anos;2067;960;1107;727;331;396;371;191;180;1;1;-;964;435;529;4;2;2
Araruama/RJ;38 anos;2177;978;1199;800;334;466;400;199;201;4;2;2;969;441;528;4;2;2
Araruama/RJ;39 anos;2178;1010;1168;833;364;469;354;178;176;2;1;1;987;466;521;2;1;1
Araruama/RJ;40 a 44 anos;12059;5560;6499;4532;2023;2509;2072;982;1090;12;4;8;5426;2541;2885;17;10;7
Araruama/RJ;40 anos;2709;1237;1472;1010;439;571;459;227;232;3;1;2;1236;570;666;1;-;1
Araruama/RJ;41 anos;2305;1045;1260;893;380;513;397;191;206;1;-;1;1009;472;537;5;2;3
Araruama/RJ;42 anos;2619;1225;1394;954;440;514;435;209;226;3;2;1;1223;572;651;4;2;2
Araruama/RJ;43 anos;2236;1036;1200;850;395;455;398;179;219;1;1;-;983;457;526;4;4;-
Araruama/RJ;44 anos;2190;1017;1173;825;369;456;383;176;207;4;-;4;975;470;505;3;2;1
Araruama/RJ;45 a 49 anos;10731;5038;5693;4034;1828;2206;1759;843;916;9;3;6;4912;2359;2553;17;5;12
Araruama/RJ;45 anos;2328;1099;1229;859;387;472;407;195;212;1;1;-;1058;515;543;3;1;2
Araruama/RJ;46 anos;2105;1001;1104;787;356;431;327;172;155;2;1;1;984;471;513;5;1;4
Araruama/RJ;47 anos;2088;970;1118;790;362;428;339;152;187;2;-;2;955;455;500;2;1;1
Araruama/RJ;48 anos;2080;991;1089;791;351;440;334;163;171;3;1;2;950;475;475;2;1;1
Araruama/RJ;49 anos;2130;977;1153;807;372;435;352;161;191;1;-;1;965;443;522;5;1;4
Araruama/RJ;50 a 54 anos;10732;4975;5757;4207;1841;2366;1736;865;871;2;2;-;4767;2260;2507;20;7;13
Araruama/RJ;50 anos;2393;1152;1241;904;400;504;394;221;173;-;-;-;1088;528;560;7;3;4
Araruama/RJ;51 anos;2064;953;1111;803;351;452;332;155;177;-;-;-;923;446;477;6;1;5
Araruama/RJ;52 anos;2233;1030;1203;889;390;499;357;182;175;-;-;-;985;457;528;2;1;1
Araruama/RJ;53 anos;2008;887;1121;793;334;459;318;150;168;1;1;-;893;401;492;3;1;2
Araruama/RJ;54 anos;2034;953;1081;818;366;452;335;157;178;1;1;-;878;428;450;2;1;1
Araruama/RJ;55 a 59 anos;10354;4788;5566;4407;1950;2457;1553;752;801;5;2;3;4370;2074;2296;19;10;9
Araruama/RJ;55 anos;2003;919;1084;832;357;475;304;147;157;2;-;2;863;414;449;2;1;1
Araruama/RJ;56 anos;2079;937;1142;886;373;513;317;146;171;-;-;-;872;416;456;4;2;2
Araruama/RJ;57 anos;2129;961;1168;903;383;520;312;150;162;-;-;-;911;427;484;3;1;2
Araruama/RJ;58 anos;2146;1020;1126;884;425;459;333;171;162;2;2;-;923;421;502;4;1;3
Araruama/RJ;59 anos;1997;951;1046;902;412;490;287;138;149;1;-;1;801;396;405;6;5;1
Araruama/RJ;60 a 64 anos;10103;4676;5427;4472;2006;2466;1464;671;793;8;5;3;4140;1985;2155;19;9;10
Araruama/RJ;60 anos;2255;1089;1166;956;453;503;362;170;192;2;1;1;932;463;469;3;2;1
Araruama/RJ;61 anos;1975;936;1039;860;377;483;270;132;138;-;-;-;843;426;417;2;1;1
Araruama/RJ;62 anos;2025;901;1124;892;393;499;300;137;163;2;2;-;826;367;459;5;2;3
Araruama/RJ;63 anos;1927;854;1073;879;387;492;264;106;158;2;1;1;775;356;419;7;4;3
Araruama/RJ;64 anos;1921;896;1025;885;396;489;268;126;142;2;1;1;764;373;391;2;-;2
Araruama/RJ;65 a 69 anos;8531;3898;4633;4087;1773;2314;1126;541;585;8;4;4;3296;1576;1720;14;4;10
Araruama/RJ;65 anos;2001;919;1082;900;400;500;283;128;155;1;-;1;812;389;423;5;2;3
Araruama/RJ;66 anos;1707;769;938;832;356;476;217;95;122;2;1;1;656;317;339;-;-;-
Araruama/RJ;67 anos;1621;743;878;786;338;448;193;101;92;3;2;1;638;301;337;1;1;-
Araruama/RJ;68 anos;1660;754;906;786;338;448;231;121;110;-;-;-;640;294;346;3;1;2
Araruama/RJ;69 anos;1542;713;829;783;341;442;202;96;106;2;1;1;550;275;275;5;-;5
Araruama/RJ;70 a 74 anos;6502;2967;3535;3168;1397;1771;909;444;465;7;6;1;2405;1116;1289;13;4;9
Araruama/RJ;70 anos;1609;750;859;755;341;414;234;122;112;-;-;-;618;286;332;2;1;1
Araruama/RJ;71 anos;1351;663;688;642;322;320;181;94;87;1;1;-;524;245;279;3;1;2
Araruama/RJ;72 anos;1364;606;758;652;274;378;187;81;106;2;1;1;522;250;272;1;-;1
Araruama/RJ;73 anos;1166;498;668;597;238;359;165;80;85;3;3;-;398;176;222;3;1;2
Araruama/RJ;74 anos;1012;450;562;522;222;300;142;67;75;1;1;-;343;159;184;4;1;3
Araruama/RJ;75 a 79 anos;4110;1868;2242;2110;939;1171;556;265;291;5;4;1;1433;656;777;6;4;2
Araruama/RJ;75 anos;1027;464;563;510;238;272;150;59;91;-;-;-;365;166;199;2;1;1
Araruama/RJ;76 anos;884;390;494;457;190;267;113;54;59;2;1;1;310;144;166;2;1;1
Araruama/RJ;77 anos;810;379;431;415;186;229;108;55;53;2;2;-;283;134;149;2;2;-
Araruama/RJ;78 anos;708;327;381;388;173;215;97;53;44;1;1;-;222;100;122;-;-;-
Araruama/RJ;79 anos;681;308;373;340;152;188;88;44;44;-;-;-;253;112;141;-;-;-
Araruama/RJ;80 a 84 anos;2499;1016;1483;1392;550;842;266;117;149;4;1;3;833;347;486;4;1;3
Araruama/RJ;80 anos;645;275;370;353;147;206;75;38;37;3;1;2;214;89;125;-;-;-
Araruama/RJ;81 anos;513;228;285;278;118;160;51;26;25;-;-;-;184;84;100;-;-;-
Araruama/RJ;82 anos;492;204;288;283;114;169;45;18;27;1;-;1;160;71;89;3;1;2
Araruama/RJ;83 anos;450;160;290;253;92;161;44;14;30;-;-;-;153;54;99;-;-;-
Araruama/RJ;84 anos;399;149;250;225;79;146;51;21;30;-;-;-;122;49;73;1;-;1
Araruama/RJ;85 a 89 anos;1395;510;885;818;300;518;128;44;84;2;2;-;444;162;282;3;2;1
Araruama/RJ;85 anos;345;136;209;193;75;118;39;15;24;-;-;-;112;45;67;1;1;-
Araruama/RJ;86 anos;368;146;222;213;83;130;33;15;18;2;2;-;118;45;73;2;1;1
Araruama/RJ;87 anos;266;92;174;156;55;101;20;5;15;-;-;-;90;32;58;-;-;-
Araruama/RJ;88 anos;205;71;134;134;51;83;10;3;7;-;-;-;61;17;44;-;-;-
Araruama/RJ;89 anos;211;65;146;122;36;86;26;6;20;-;-;-;63;23;40;-;-;-
Araruama/RJ;90 a 94 anos;582;161;421;326;95;231;63;16;47;-;-;-;192;50;142;1;-;1
Araruama/RJ;90 anos;164;47;117;92;28;64;15;4;11;-;-;-;57;15;42;-;-;-
Araruama/RJ;91 anos;142;37;105;86;20;66;17;5;12;-;-;-;38;12;26;1;-;1
Araruama/RJ;92 anos;119;35;84;68;23;45;10;2;8;-;-;-;41;10;31;-;-;-
Araruama/RJ;93 anos;97;29;68;49;18;31;13;5;8;-;-;-;35;6;29;-;-;-
Araruama/RJ;94 anos;60;13;47;31;6;25;8;-;8;-;-;-;21;7;14;-;-;-
Araruama/RJ;95 a 99 anos;162;35;127;95;17;78;12;3;9;-;-;-;55;15;40;-;-;-
Araruama/RJ;95 anos;50;12;38;33;7;26;4;1;3;-;-;-;13;4;9;-;-;-
Araruama/RJ;96 anos;49;9;40;31;5;26;4;1;3;-;-;-;14;3;11;-;-;-
Araruama/RJ;97 anos;22;5;17;7;1;6;3;1;2;-;-;-;12;3;9;-;-;-
Araruama/RJ;98 anos;27;7;20;18;4;14;-;-;-;-;-;-;9;3;6;-;-;-
Araruama/RJ;99 anos;14;2;12;6;-;6;1;-;1;-;-;-;7;2;5;-;-;-
Araruama/RJ;100 anos ou mais;30;3;27;17;2;15;3;1;2;-;-;-;10;-;10;-;-;-
Cabo Frio/RJ;Total;397182;191517;205665;170204;79370;90834;58345;28856;29489;412;185;227;167544;82794;84750;666;306;360
Cabo Frio/RJ;0 a 4 anos;23864;12136;11728;10921;5592;5329;2479;1261;1218;16;4;12;10429;5272;5157;19;7;12
Cabo Frio/RJ;Menos de 1 ano;4272;2168;2104;2051;1046;1005;388;219;169;2;1;1;1828;902;926;3;-;3
Cabo Frio/RJ;Menos de 1 mês;329;174;155;180;94;86;29;18;11;-;-;-;120;62;58;-;-;-
Cabo Frio/RJ;1 mês;336;166;170;148;69;79;37;20;17;1;-;1;150;77;73;-;-;-
Cabo Frio/RJ;2 meses;312;152;160;144;74;70;28;14;14;-;-;-;140;64;76;-;-;-
Cabo Frio/RJ;3 meses;351;164;187;176;86;90;23;7;16;-;-;-;152;71;81;-;-;-
Cabo Frio/RJ;4 meses;375;197;178;173;97;76;38;25;13;-;-;-;164;75;89;-;-;-
Cabo Frio/RJ;5 meses;348;176;172;151;74;77;37;19;18;-;-;-;160;83;77;-;-;-
Cabo Frio/RJ;6 meses;379;190;189;180;91;89;42;20;22;-;-;-;156;79;77;1;-;1
Cabo Frio/RJ;7 meses;368;191;177;177;94;83;30;18;12;1;1;-;160;78;82;-;-;-
Cabo Frio/RJ;8 meses;387;210;177;196;107;89;38;24;14;-;-;-;153;79;74;-;-;-
Cabo Frio/RJ;9 meses;364;179;185;184;94;90;22;11;11;-;-;-;158;74;84;-;-;-
Cabo Frio/RJ;10 meses;359;186;173;163;85;78;29;23;6;-;-;-;167;78;89;-;-;-
Cabo Frio/RJ;11 meses;364;183;181;179;81;98;35;20;15;-;-;-;148;82;66;2;-;2
Cabo Frio/RJ;1 ano;4240;2142;2098;1992;1057;935;422;194;228;3;1;2;1816;886;930;7;4;3
Cabo Frio/RJ;2 anos;4937;2476;2461;2266;1150;1116;528;256;272;5;1;4;2134;1068;1066;4;1;3
Cabo Frio/RJ;3 anos;5208;2682;2526;2340;1193;1147;585;301;284;3;-;3;2280;1188;1092;-;-;-
Cabo Frio/RJ;4 anos;5207;2668;2539;2272;1146;1126;556;291;265;3;1;2;2371;1228;1143;5;2;3
Cabo Frio/RJ;5 a 9 anos;26629;13548;13081;10828;5504;5324;3221;1638;1583;22;9;13;12535;6385;6150;23;12;11
Cabo Frio/RJ;5 anos;5105;2599;2506;2092;1026;1066;591;318;273;2;1;1;2414;1252;1162;6;2;4
Cabo Frio/RJ;6 anos;5344;2680;2664;2244;1142;1102;653;326;327;3;-;3;2440;1209;1231;4;3;1
Cabo Frio/RJ;7 anos;5449;2776;2673;2128;1099;1029;647;320;327;4;2;2;2662;1351;1311;8;4;4
Cabo Frio/RJ;8 anos;5282;2689;2593;2177;1135;1042;615;307;308;8;4;4;2481;1243;1238;1;-;1
Cabo Frio/RJ;9 anos;5449;2804;2645;2187;1102;1085;715;367;348;5;2;3;2538;1330;1208;4;3;1
Cabo Frio/RJ;10 a 14 anos;26061;13544;12517;10229;5177;5052;3356;1792;1564;29;17;12;12415;6543;5872;32;15;17
Cabo Frio/RJ;10 anos;5178;2673;2505;2059;1050;1009;620;330;290;7;4;3;2488;1287;1201;4;2;2
Cabo Frio/RJ;11 anos;5284;2786;2498;2071;1086;985;634;333;301;5;2;3;2568;1363;1205;6;2;4
Cabo Frio/RJ;12 anos;5469;2803;2666;2188;1082;1106;717;374;343;6;3;3;2553;1342;1211;5;2;3
Cabo Frio/RJ;13 anos;5124;2681;2443;1919;976;943;687;372;315;5;3;2;2502;1326;1176;11;4;7
Cabo Frio/RJ;14 anos;5006;2601;2405;1992;983;1009;698;383;315;6;5;1;2304;1225;1079;6;5;1
Cabo Frio/RJ;15 a 19 anos;26381;13452;12929;10262;5136;5126;3965;2098;1867;20;12;8;12101;6188;5913;33;18;15
Cabo Frio/RJ;15 anos;5357;2762;2595;2101;1094;1007;740;415;325;2;2;-;2507;1246;1261;7;5;2
Cabo Frio/RJ;16 anos;5263;2702;2561;2047;1079;968;718;364;354;5;2;3;2489;1255;1234;4;2;2
Cabo Frio/RJ;17 anos;5405;2746;2659;2125;1030;1095;788;434;354;7;5;2;2474;1272;1202;11;5;6
Cabo Frio/RJ;18 anos;5324;2679;2645;2079;983;1096;827;442;385;3;1;2;2409;1249;1160;6;4;2
Cabo Frio/RJ;19 anos;5032;2563;2469;1910;950;960;892;443;449;3;2;1;2222;1166;1056;5;2;3
Cabo Frio/RJ;20 a 24 anos;27567;13736;13831;10726;5279;5447;4734;2406;2328;22;9;13;12038;6016;6022;47;26;21
Cabo Frio/RJ;20 anos;5203;2631;2572;1966;967;999;911;483;428;1;-;1;2315;1177;1138;10;4;6
Cabo Frio/RJ;21 anos;5260;2611;2649;2078;1027;1051;850;412;438;4;2;2;2314;1163;1151;14;7;7
Cabo Frio/RJ;22 anos;5992;3012;2980;2308;1157;1151;1080;540;540;5;2;3;2592;1308;1284;7;5;2
Cabo Frio/RJ;23 anos;5701;2768;2933;2268;1121;1147;955;460;495;9;5;4;2460;1174;1286;9;8;1
Cabo Frio/RJ;24 anos;5411;2714;2697;2106;1007;1099;938;511;427;3;-;3;2357;1194;1163;7;2;5
Cabo Frio/RJ;25 a 29 anos;27730;13221;14509;10862;5061;5801;4873;2388;2485;32;10;22;11913;5734;6179;49;27;22
Cabo Frio/RJ;25 anos;5776;2771;3005;2268;1073;1195;975;483;492;4;1;3;2519;1210;1309;10;4;6
Cabo Frio/RJ;26 anos;5514;2598;2916;2121;957;1164;977;482;495;5;2;3;2405;1154;1251;6;3;3
Cabo Frio/RJ;27 anos;5752;2739;3013;2263;1075;1188;1001;488;513;9;2;7;2475;1170;1305;4;4;-
Cabo Frio/RJ;28 anos;5566;2662;2904;2124;980;1144;1010;493;517;9;3;6;2407;1178;1229;15;7;8
Cabo Frio/RJ;29 anos;5122;2451;2671;2086;976;1110;910;442;468;5;2;3;2107;1022;1085;14;9;5
Cabo Frio/RJ;30 a 34 anos;27396;13120;14276;10964;5091;5873;4631;2298;2333;37;13;24;11709;5686;6023;55;32;23
Cabo Frio/RJ;30 anos;5777;2790;2987;2319;1116;1203;984;508;476;8;2;6;2456;1157;1299;10;7;3
Cabo Frio/RJ;31 anos;5002;2447;2555;1975;922;1053;828;398;430;7;2;5;2179;1116;1063;13;9;4
Cabo Frio/RJ;32 anos;5631;2683;2948;2224;1030;1194;930;472;458;7;3;4;2457;1170;1287;13;8;5
Cabo Frio/RJ;33 anos;5542;2643;2899;2240;1050;1190;952;447;505;6;3;3;2334;1139;1195;10;4;6
Cabo Frio/RJ;34 anos;5444;2557;2887;2206;973;1233;937;473;464;9;3;6;2283;1104;1179;9;4;5
Cabo Frio/RJ;35 a 39 anos;29497;13784;15713;11964;5344;6620;4740;2329;2411;41;20;21;12679;6066;6613;67;23;44
Cabo Frio/RJ;35 anos;5900;2758;3142;2422;1091;1331;903;452;451;10;4;6;2550;1208;1342;12;3;9
Cabo Frio/RJ;36 anos;5843;2721;3122;2364;1077;1287;949;458;491;7;3;4;2505;1176;1329;17;7;10
Cabo Frio/RJ;37 anos;5831;2724;3107;2302;1009;1293;957;459;498;3;1;2;2557;1252;1305;12;3;9
Cabo Frio/RJ;38 anos;5939;2800;3139;2395;1075;1320;998;474;524;11;6;5;2523;1240;1283;10;3;7
Cabo Frio/RJ;39 anos;5984;2781;3203;2481;1092;1389;933;486;447;10;6;4;2544;1190;1354;16;7;9
Cabo Frio/RJ;40 a 44 anos;32351;15489;16862;13413;6145;7268;5136;2537;2599;41;17;24;13694;6757;6937;67;33;34
Cabo Frio/RJ;40 anos;7116;3385;3731;2926;1330;1596;1168;585;583;11;7;4;2996;1454;1542;15;9;6
Cabo Frio/RJ;41 anos;6397;3067;3330;2754;1282;1472;985;482;503;10;5;5;2633;1290;1343;15;8;7
Cabo Frio/RJ;42 anos;7001;3416;3585;2901;1348;1553;1145;563;582;3;1;2;2938;1496;1442;14;8;6
Cabo Frio/RJ;43 anos;6129;2899;3230;2519;1143;1376;921;451;470;9;3;6;2668;1297;1371;12;5;7
Cabo Frio/RJ;44 anos;5708;2722;2986;2313;1042;1271;917;456;461;8;1;7;2459;1220;1239;11;3;8
Cabo Frio/RJ;45 a 49 anos;27561;13020;14541;11574;5199;6375;4412;2141;2271;22;8;14;11503;5650;5853;49;22;27
Cabo Frio/RJ;45 anos;6165;2940;3225;2557;1122;1435;983;477;506;7;2;5;2605;1332;1273;12;7;5
Cabo Frio/RJ;46 anos;5508;2587;2921;2327;1052;1275;923;416;507;3;1;2;2248;1115;1133;7;3;4
Cabo Frio/RJ;47 anos;5262;2514;2748;2266;1043;1223;843;428;415;4;2;2;2140;1040;1100;9;1;8
Cabo Frio/RJ;48 anos;5353;2525;2828;2239;1004;1235;832;410;422;3;1;2;2272;1105;1167;7;5;2
Cabo Frio/RJ;49 anos;5273;2454;2819;2185;978;1207;831;410;421;5;2;3;2238;1058;1180;14;6;8
Cabo Frio/RJ;50 a 54 anos;26741;12916;13825;11458;5202;6256;4147;2111;2036;32;19;13;11056;5567;5489;47;16;31
Cabo Frio/RJ;50 anos;6189;2983;3206;2588;1148;1440;977;520;457;8;4;4;2608;1307;1301;8;4;4
Cabo Frio/RJ;51 anos;5146;2515;2631;2212;1053;1159;793;411;382;5;4;1;2129;1043;1086;7;4;3
Cabo Frio/RJ;52 anos;5437;2633;2804;2370;1074;1296;867;442;425;7;3;4;2184;1111;1073;8;2;6
Cabo Frio/RJ;53 anos;5118;2418;2700;2147;962;1185;810;382;428;5;2;3;2145;1070;1075;11;2;9
Cabo Frio/RJ;54 anos;4851;2367;2484;2141;965;1176;700;356;344;7;6;1;1990;1036;954;13;4;9
Cabo Frio/RJ;55 a 59 anos;25374;11786;13588;11446;5102;6344;3711;1811;1900;21;7;14;10153;4845;5308;43;21;22
Cabo Frio/RJ;55 anos;5194;2447;2747;2306;1043;1263;784;376;408;4;4;-;2094;1022;1072;6;2;4
Cabo Frio/RJ;56 anos;4922;2310;2612;2260;1014;1246;689;353;336;5;1;4;1955;935;1020;13;7;6
Cabo Frio/RJ;57 anos;5166;2416;2750;2290;1021;1269;767;377;390;3;-;3;2094;1012;1082;12;6;6
Cabo Frio/RJ;58 anos;5183;2419;2764;2381;1059;1322;753;361;392;3;1;2;2039;993;1046;7;5;2
Cabo Frio/RJ;59 anos;4909;2194;2715;2209;965;1244;718;344;374;6;1;5;1971;883;1088;5;1;4
Cabo Frio/RJ;60 a 64 anos;22850;10655;12195;10701;4785;5916;3186;1498;1688;17;5;12;8910;4351;4559;35;15;20
Cabo Frio/RJ;60 anos;5080;2406;2674;2320;1055;1265;720;362;358;5;2;3;2021;984;1037;14;3;11
Cabo Frio/RJ;61 anos;4542;2180;2362;2143;986;1157;624;295;329;4;-;4;1764;895;869;7;4;3
Cabo Frio/RJ;62 anos;4665;2147;2518;2184;954;1230;672;308;364;3;2;1;1798;878;920;7;4;3
Cabo Frio/RJ;63 anos;4408;2049;2359;2060;936;1124;626;293;333;1;-;1;1716;816;900;5;4;1
Cabo Frio/RJ;64 anos;4155;1873;2282;1994;854;1140;544;240;304;4;1;3;1611;778;833;2;-;2
Cabo Frio/RJ;65 a 69 anos;18448;8550;9898;9141;4147;4994;2402;1102;1300;21;7;14;6846;3275;3571;37;18;19
Cabo Frio/RJ;65 anos;4431;2069;2362;2158;1000;1158;579;265;314;5;1;4;1681;798;883;8;5;3
Cabo Frio/RJ;66 anos;3797;1757;2040;1877;843;1034;503;236;267;4;2;2;1405;672;733;8;4;4
Cabo Frio/RJ;67 anos;3516;1624;1892;1767;826;941;451;186;265;4;1;3;1285;607;678;8;3;5
Cabo Frio/RJ;68 anos;3545;1594;1951;1738;760;978;467;220;247;4;-;4;1328;611;717;8;3;5
Cabo Frio/RJ;69 anos;3159;1506;1653;1601;718;883;402;195;207;4;3;1;1147;587;560;5;3;2
Cabo Frio/RJ;70 a 74 anos;12883;5960;6923;6723;2975;3748;1583;740;843;22;18;4;4533;2224;2309;22;3;19
Cabo Frio/RJ;70 anos;3231;1512;1719;1665;756;909;399;190;209;5;3;2;1158;563;595;4;-;4
Cabo Frio/RJ;71 anos;2559;1180;1379;1347;590;757;289;130;159;3;3;-;916;457;459;4;-;4
Cabo Frio/RJ;72 anos;2768;1300;1468;1440;654;786;357;182;175;9;7;2;957;457;500;5;-;5
Cabo Frio/RJ;73 anos;2296;1023;1273;1189;506;683;284;131;153;1;1;-;821;385;436;1;-;1
Cabo Frio/RJ;74 anos;2029;945;1084;1082;469;613;254;107;147;4;4;-;681;362;319;8;3;5
Cabo Frio/RJ;75 a 79 anos;7676;3395;4281;4273;1807;2466;842;380;462;8;6;2;2540;1198;1342;13;4;9
Cabo Frio/RJ;75 anos;1835;799;1036;1019;422;597;193;84;109;2;2;-;619;291;328;2;-;2
Cabo Frio/RJ;76 anos;1704;751;953;942;407;535;184;81;103;2;1;1;571;261;310;5;1;4
Cabo Frio/RJ;77 anos;1500;644;856;847;338;509;149;70;79;-;-;-;501;235;266;3;1;2
Cabo Frio/RJ;78 anos;1325;605;720;703;310;393;159;72;87;2;1;1;460;221;239;1;1;-
Cabo Frio/RJ;79 anos;1312;596;716;762;330;432;157;73;84;2;2;-;389;190;199;2;1;1
Cabo Frio/RJ;80 a 84 anos;4596;1973;2623;2611;1104;1507;526;207;319;6;2;4;1438;650;788;15;10;5
Cabo Frio/RJ;80 anos;1200;531;669;674;288;386;138;61;77;3;1;2;379;178;201;6;3;3
Cabo Frio/RJ;81 anos;939;382;557;543;222;321;120;38;82;-;-;-;273;120;153;3;2;1
Cabo Frio/RJ;82 anos;941;432;509;549;247;302;103;42;61;-;-;-;285;140;145;4;3;1
Cabo Frio/RJ;83 anos;805;337;468;436;176;260;101;43;58;1;-;1;265;116;149;2;2;-
Cabo Frio/RJ;84 anos;711;291;420;409;171;238;64;23;41;2;1;1;236;96;140;-;-;-
Cabo Frio/RJ;85 a 89 anos;2330;858;1472;1365;497;868;262;80;182;3;2;1;693;278;415;7;1;6
Cabo Frio/RJ;85 anos;618;232;386;361;134;227;78;24;54;1;1;-;177;73;104;1;-;1
Cabo Frio/RJ;86 anos;581;218;363;318;114;204;75;25;50;1;-;1;184;78;106;3;1;2
Cabo Frio/RJ;87 anos;474;176;298;280;100;180;51;18;33;-;-;-;141;58;83;2;-;2
Cabo Frio/RJ;88 anos;345;135;210;216;85;131;29;8;21;1;1;-;98;41;57;1;-;1
Cabo Frio/RJ;89 anos;312;97;215;190;64;126;29;5;24;-;-;-;93;28;65;-;-;-
Cabo Frio/RJ;90 a 94 anos;985;301;684;586;181;405;106;33;73;-;-;-;289;84;205;4;3;1
Cabo Frio/RJ;90 anos;282;77;205;167;43;124;29;9;20;-;-;-;86;25;61;-;-;-
Cabo Frio/RJ;91 anos;222;89;133;124;53;71;28;11;17;-;-;-;67;22;45;3;3;-
Cabo Frio/RJ;92 anos;192;62;130;115;39;76;28;7;21;-;-;-;49;16;33;-;-;-
Cabo Frio/RJ;93 anos;145;39;106;91;26;65;10;2;8;-;-;-;44;11;33;-;-;-
Cabo Frio/RJ;94 anos;144;34;110;89;20;69;11;4;7;-;-;-;43;10;33;1;-;1
Cabo Frio/RJ;95 a 99 anos;223;67;156;137;39;98;24;5;19;-;-;-;60;23;37;2;-;2
Cabo Frio/RJ;95 anos;81;29;52;52;19;33;8;2;6;-;-;-;20;8;12;1;-;1
Cabo Frio/RJ;96 anos;61;18;43;33;9;24;6;1;5;-;-;-;22;8;14;-;-;-
Cabo Frio/RJ;97 anos;30;10;20;15;5;10;7;2;5;-;-;-;7;3;4;1;-;1
Cabo Frio/RJ;98 anos;30;5;25;20;2;18;1;-;1;-;-;-;9;3;6;-;-;-
Cabo Frio/RJ;99 anos;21;5;16;17;4;13;2;-;2;-;-;-;2;1;1;-;-;-
Cabo Frio/RJ;100 anos ou mais;39;6;33;20;3;17;9;1;8;-;-;-;10;2;8;-;-;-
Campos dos Goytacazes/RJ;Total;520113;248273;271840;224481;103918;120563;87976;43048;44928;367;178;189;206888;100957;105931;371;160;211
Campos dos Goytacazes/RJ;0 a 4 anos;32270;16308;15962;13870;7005;6865;4448;2295;2153;17;8;9;13927;6994;6933;8;6;2
Campos dos Goytacazes/RJ;Menos de 1 ano;5931;2970;2961;2653;1296;1357;778;413;365;3;1;2;2497;1260;1237;-;-;-
Campos dos Goytacazes/RJ;Menos de 1 mês;423;213;210;198;94;104;56;33;23;-;-;-;169;86;83;-;-;-
Campos dos Goytacazes/RJ;1 mês;469;250;219;198;103;95;63;35;28;-;-;-;208;112;96;-;-;-
Campos dos Goytacazes/RJ;2 meses;475;225;250;215;98;117;51;31;20;2;-;2;207;96;111;-;-;-
Campos dos Goytacazes/RJ;3 meses;518;246;272;240;110;130;72;39;33;1;1;-;205;96;109;-;-;-
Campos dos Goytacazes/RJ;4 meses;494;240;254;230;108;122;71;29;42;-;-;-;193;103;90;-;-;-
Campos dos Goytacazes/RJ;5 meses;502;241;261;235;117;118;54;24;30;-;-;-;213;100;113;-;-;-
Campos dos Goytacazes/RJ;6 meses;513;276;237;226;117;109;66;36;30;-;-;-;221;123;98;-;-;-
Campos dos Goytacazes/RJ;7 meses;532;248;284;245;119;126;65;32;33;-;-;-;222;97;125;-;-;-
Campos dos Goytacazes/RJ;8 meses;526;263;263;218;104;114;85;46;39;-;-;-;223;113;110;-;-;-
Campos dos Goytacazes/RJ;9 meses;530;266;264;229;116;113;74;38;36;-;-;-;227;112;115;-;-;-
Campos dos Goytacazes/RJ;10 meses;463;243;220;212;105;107;59;39;20;-;-;-;192;99;93;-;-;-
Campos dos Goytacazes/RJ;11 meses;486;259;227;207;105;102;62;31;31;-;-;-;217;123;94;-;-;-
Campos dos Goytacazes/RJ;1 ano;5826;2950;2876;2582;1309;1273;793;407;386;2;1;1;2449;1233;1216;-;-;-
Campos dos Goytacazes/RJ;2 anos;6508;3302;3206;2784;1410;1374;916;470;446;2;1;1;2803;1418;1385;3;3;-
Campos dos Goytacazes/RJ;3 anos;6922;3493;3429;2858;1444;1414;1016;530;486;6;2;4;3038;1515;1523;4;2;2
Campos dos Goytacazes/RJ;4 anos;7083;3593;3490;2993;1546;1447;945;475;470;4;3;1;3140;1568;1572;1;1;-
Campos dos Goytacazes/RJ;5 a 9 anos;36159;18407;17752;14344;7315;7029;5493;2799;2694;25;16;9;16285;8271;8014;12;6;6
Campos dos Goytacazes/RJ;5 anos;6935;3568;3367;2759;1431;1328;1047;550;497;2;2;-;3125;1583;1542;2;2;-
Campos dos Goytacazes/RJ;6 anos;7274;3686;3588;2949;1479;1470;1125;581;544;9;5;4;3190;1621;1569;1;-;1
Campos dos Goytacazes/RJ;7 anos;7560;3825;3735;3008;1518;1490;1109;575;534;3;2;1;3436;1729;1707;4;1;3
Campos dos Goytacazes/RJ;8 anos;7280;3665;3615;2845;1456;1389;1135;560;575;7;4;3;3290;1643;1647;3;2;1
Campos dos Goytacazes/RJ;9 anos;7110;3663;3447;2783;1431;1352;1077;533;544;4;3;1;3244;1695;1549;2;1;1
Campos dos Goytacazes/RJ;10 a 14 anos;33419;17217;16202;12518;6409;6109;5364;2756;2608;27;12;15;15498;8034;7464;12;6;6
Campos dos Goytacazes/RJ;10 anos;6676;3432;3244;2493;1288;1205;1098;568;530;6;1;5;3076;1574;1502;3;1;2
Campos dos Goytacazes/RJ;11 anos;6647;3421;3226;2496;1283;1213;1053;542;511;5;1;4;3091;1594;1497;2;1;1
Campos dos Goytacazes/RJ;12 anos;6876;3562;3314;2587;1324;1263;1082;533;549;4;2;2;3199;1701;1498;4;2;2
Campos dos Goytacazes/RJ;13 anos;6599;3412;3187;2459;1269;1190;999;533;466;4;3;1;3134;1605;1529;3;2;1
Campos dos Goytacazes/RJ;14 anos;6621;3390;3231;2483;1245;1238;1132;580;552;8;5;3;2998;1560;1438;-;-;-
Campos dos Goytacazes/RJ;15 a 19 anos;35503;18012;17491;13220;6458;6762;6481;3337;3144;22;14;8;15763;8193;7570;16;10;6
Campos dos Goytacazes/RJ;15 anos;6826;3411;3415;2614;1271;1343;1193;600;593;4;3;1;3014;1537;1477;1;-;1
Campos dos Goytacazes/RJ;16 anos;7075;3570;3505;2556;1226;1330;1291;681;610;2;2;-;3223;1660;1563;3;1;2
Campos dos Goytacazes/RJ;17 anos;7258;3722;3536;2734;1347;1387;1309;683;626;3;2;1;3207;1686;1521;5;4;1
Campos dos Goytacazes/RJ;18 anos;7351;3751;3600;2676;1293;1383;1368;719;649;4;3;1;3299;1733;1566;4;3;1
Campos dos Goytacazes/RJ;19 anos;6993;3558;3435;2640;1321;1319;1320;654;666;9;4;5;3020;1577;1443;3;2;1
Campos dos Goytacazes/RJ;20 a 24 anos;39099;19295;19804;15145;7183;7962;7817;3935;3882;32;14;18;16072;8148;7924;31;14;17
Campos dos Goytacazes/RJ;20 anos;7571;3757;3814;2871;1329;1542;1466;760;706;2;1;1;3227;1666;1561;5;1;4
Campos dos Goytacazes/RJ;21 anos;7379;3745;3634;2831;1395;1436;1466;740;726;5;2;3;3074;1606;1468;2;2;-
Campos dos Goytacazes/RJ;22 anos;8358;4124;4234;3220;1508;1712;1713;849;864;6;2;4;3412;1762;1650;7;3;4
Campos dos Goytacazes/RJ;23 anos;8071;3957;4114;3146;1477;1669;1638;837;801;8;3;5;3269;1633;1636;9;6;3
Campos dos Goytacazes/RJ;24 anos;7720;3712;4008;3077;1474;1603;1534;749;785;11;6;5;3090;1481;1609;8;2;6
Campos dos Goytacazes/RJ;25 a 29 anos;38351;18487;19864;15639;7311;8328;7593;3798;3795;28;13;15;15062;7356;7706;25;7;18
Campos dos Goytacazes/RJ;25 anos;8014;3793;4221;3287;1490;1797;1544;748;796;7;4;3;3165;1549;1616;10;1;9
Campos dos Goytacazes/RJ;26 anos;7517;3676;3841;3088;1477;1611;1477;751;726;4;1;3;2945;1446;1499;2;1;1
Campos dos Goytacazes/RJ;27 anos;7737;3695;4042;3069;1417;1652;1587;790;797;4;1;3;3073;1485;1588;3;2;1
Campos dos Goytacazes/RJ;28 anos;7880;3794;4086;3229;1503;1726;1571;784;787;5;2;3;3068;1503;1565;6;1;5
Campos dos Goytacazes/RJ;29 anos;7203;3529;3674;2966;1424;1542;1414;725;689;8;5;3;2811;1373;1438;4;2;2
Campos dos Goytacazes/RJ;30 a 34 anos;38545;18341;20204;16202;7547;8655;7265;3611;3654;30;10;20;15019;7158;7861;25;14;11
Campos dos Goytacazes/RJ;30 anos;8338;3974;4364;3410;1594;1816;1641;816;825;8;2;6;3275;1559;1716;4;3;1
Campos dos Goytacazes/RJ;31 anos;6984;3402;3582;2961;1426;1535;1329;650;679;2;1;1;2689;1324;1365;3;1;2
Campos dos Goytacazes/RJ;32 anos;8074;3815;4259;3475;1595;1880;1443;709;734;4;1;3;3143;1507;1636;6;3;3
Campos dos Goytacazes/RJ;33 anos;7700;3611;4089;3210;1509;1701;1424;695;729;9;4;5;3051;1400;1651;5;2;3
Campos dos Goytacazes/RJ;34 anos;7449;3539;3910;3146;1423;1723;1428;741;687;7;2;5;2861;1368;1493;7;5;2
Campos dos Goytacazes/RJ;35 a 39 anos;39118;18665;20453;16561;7756;8805;7183;3583;3600;29;15;14;15300;7287;8013;45;24;21
Campos dos Goytacazes/RJ;35 anos;8133;3893;4240;3420;1597;1823;1478;755;723;10;4;6;3215;1532;1683;10;5;5
Campos dos Goytacazes/RJ;36 anos;7748;3760;3988;3303;1572;1731;1377;676;701;3;1;2;3052;1506;1546;13;5;8
Campos dos Goytacazes/RJ;37 anos;7207;3383;3824;3028;1386;1642;1346;648;698;6;5;1;2821;1340;1481;6;4;2
Campos dos Goytacazes/RJ;38 anos;8095;3840;4255;3386;1559;1827;1510;769;741;3;1;2;3189;1507;1682;7;4;3
Campos dos Goytacazes/RJ;39 anos;7935;3789;4146;3424;1642;1782;1472;735;737;7;4;3;3023;1402;1621;9;6;3
Campos dos Goytacazes/RJ;40 a 44 anos;40170;19238;20932;17353;8105;9248;7074;3474;3600;24;10;14;15685;7636;8049;32;13;19
Campos dos Goytacazes/RJ;40 anos;9504;4586;4918;4040;1901;2139;1718;856;862;8;2;6;3728;1823;1905;10;4;6
Campos dos Goytacazes/RJ;41 anos;7674;3669;4005;3343;1587;1756;1326;665;661;3;1;2;2995;1413;1582;6;3;3
Campos dos Goytacazes/RJ;42 anos;8781;4205;4576;3894;1802;2092;1483;722;761;1;-;1;3398;1678;1720;5;3;2
Campos dos Goytacazes/RJ;43 anos;7444;3587;3857;3181;1500;1681;1321;647;674;11;7;4;2922;1430;1492;8;3;5
Campos dos Goytacazes/RJ;44 anos;6767;3191;3576;2895;1315;1580;1226;584;642;1;-;1;2642;1292;1350;3;-;3
Campos dos Goytacazes/RJ;45 a 49 anos;34056;16122;17934;14679;6659;8020;6138;3017;3121;31;16;15;13169;6412;6757;35;16;19
Campos dos Goytacazes/RJ;45 anos;8062;3816;4246;3433;1561;1872;1413;683;730;10;4;6;3200;1564;1636;6;4;2
Campos dos Goytacazes/RJ;46 anos;6939;3263;3676;3013;1326;1687;1232;610;622;5;3;2;2679;1321;1358;8;2;6
Campos dos Goytacazes/RJ;47 anos;6467;3144;3323;2768;1316;1452;1197;608;589;8;5;3;2486;1210;1276;7;5;2
Campos dos Goytacazes/RJ;48 anos;6406;3016;3390;2778;1261;1517;1193;571;622;4;2;2;2426;1179;1247;4;2;2
Campos dos Goytacazes/RJ;49 anos;6182;2883;3299;2687;1195;1492;1103;545;558;4;2;2;2378;1138;1240;10;3;7
Campos dos Goytacazes/RJ;50 a 54 anos;32365;15068;17297;14175;6415;7760;5709;2694;3015;21;11;10;12427;5934;6493;31;13;18
Campos dos Goytacazes/RJ;50 anos;7235;3355;3880;3099;1386;1713;1303;629;674;3;1;2;2825;1336;1489;5;3;2
Campos dos Goytacazes/RJ;51 anos;6021;2757;3264;2693;1238;1455;1046;487;559;1;-;1;2272;1028;1244;9;4;5
Campos dos Goytacazes/RJ;52 anos;6812;3229;3583;3003;1375;1628;1188;563;625;4;3;1;2609;1284;1325;7;4;3
Campos dos Goytacazes/RJ;53 anos;6159;2853;3306;2694;1234;1460;1133;520;613;6;2;4;2321;1096;1225;4;-;4
Campos dos Goytacazes/RJ;54 anos;6138;2874;3264;2686;1182;1504;1039;495;544;7;5;2;2400;1190;1210;6;2;4
Campos dos Goytacazes/RJ;55 a 59 anos;31548;14598;16950;14863;6658;8205;4998;2382;2616;22;11;11;11645;5541;6104;16;4;12
Campos dos Goytacazes/RJ;55 anos;6457;3052;3405;2981;1382;1599;1014;492;522;4;3;1;2455;1175;1280;3;-;3
Campos dos Goytacazes/RJ;56 anos;6389;3025;3364;2955;1342;1613;1021;515;506;7;2;5;2400;1164;1236;4;-;4
Campos dos Goytacazes/RJ;57 anos;6244;2867;3377;3004;1321;1683;954;449;505;4;1;3;2274;1093;1181;6;3;3
Campos dos Goytacazes/RJ;58 anos;6458;2924;3534;3021;1328;1693;1031;468;563;4;3;1;2401;1124;1277;1;1;-
Campos dos Goytacazes/RJ;59 anos;6000;2730;3270;2902;1285;1617;978;458;520;3;2;1;2115;985;1130;2;-;2
Campos dos Goytacazes/RJ;60 a 64 anos;28707;12893;15814;13951;6095;7856;4323;1939;2384;16;5;11;10389;4844;5545;26;10;16
Campos dos Goytacazes/RJ;60 anos;6798;3097;3701;3225;1431;1794;1101;509;592;3;1;2;2463;1156;1307;6;-;6
Campos dos Goytacazes/RJ;61 anos;5451;2462;2989;2684;1182;1502;843;367;476;-;-;-;1918;911;1007;6;2;4
Campos dos Goytacazes/RJ;62 anos;6076;2732;3344;2942;1280;1662;857;386;471;1;-;1;2274;1065;1209;1;1;-
Campos dos Goytacazes/RJ;63 anos;5438;2384;3054;2669;1156;1513;830;362;468;5;2;3;1927;860;1067;6;4;2
Campos dos Goytacazes/RJ;64 anos;4944;2218;2726;2431;1046;1385;692;315;377;7;2;5;1807;852;955;7;3;4
Campos dos Goytacazes/RJ;65 a 69 anos;21842;9754;12088;10782;4716;6066;3092;1401;1691;14;7;7;7935;3623;4312;17;6;11
Campos dos Goytacazes/RJ;65 anos;5403;2436;2967;2642;1176;1466;774;357;417;2;2;-;1976;895;1081;8;5;3
Campos dos Goytacazes/RJ;66 anos;4305;1967;2338;2094;944;1150;587;281;306;2;2;-;1619;740;879;2;-;2
Campos dos Goytacazes/RJ;67 anos;4282;1895;2387;2096;926;1170;609;280;329;4;1;3;1569;687;882;4;1;3
Campos dos Goytacazes/RJ;68 anos;4216;1871;2345;2115;912;1203;620;273;347;4;1;3;1474;685;789;3;-;3
Campos dos Goytacazes/RJ;69 anos;3636;1585;2051;1835;758;1077;502;210;292;2;1;1;1297;616;681;-;-;-
Campos dos Goytacazes/RJ;70 a 74 anos;16423;7065;9358;8483;3575;4908;2228;945;1283;9;7;2;5682;2532;3150;20;6;14
Campos dos Goytacazes/RJ;70 anos;4264;1866;2398;2133;936;1197;621;250;371;3;2;1;1499;676;823;8;2;6
Campos dos Goytacazes/RJ;71 anos;3234;1378;1856;1656;692;964;469;199;270;1;1;-;1102;484;618;6;2;4
Campos dos Goytacazes/RJ;72 anos;3286;1413;1873;1708;731;977;427;181;246;1;-;1;1147;500;647;3;1;2
Campos dos Goytacazes/RJ;73 anos;2877;1230;1647;1505;605;900;369;167;202;3;3;-;997;455;542;2;-;2
Campos dos Goytacazes/RJ;74 anos;2762;1178;1584;1481;611;870;342;148;194;1;1;-;937;417;520;1;1;-
Campos dos Goytacazes/RJ;75 a 79 anos;10200;4223;5977;5570;2168;3402;1287;546;741;12;8;4;3322;1495;1827;7;4;3
Campos dos Goytacazes/RJ;75 anos;2531;1063;1468;1356;543;813;315;130;185;3;1;2;852;386;466;3;1;2
Campos dos Goytacazes/RJ;76 anos;2268;958;1310;1243;511;732;285;125;160;2;1;1;737;320;417;1;1;-
Campos dos Goytacazes/RJ;77 anos;1803;722;1081;1005;386;619;219;84;135;4;3;1;574;248;326;1;1;-
Campos dos Goytacazes/RJ;78 anos;1945;818;1127;1072;414;658;269;115;154;2;2;-;601;286;315;1;1;-
Campos dos Goytacazes/RJ;79 anos;1653;662;991;894;314;580;199;92;107;1;1;-;558;255;303;1;-;1
Campos dos Goytacazes/RJ;80 a 84 anos;6867;2693;4174;3922;1468;2454;819;310;509;4;1;3;2116;913;1203;6;1;5
Campos dos Goytacazes/RJ;80 anos;1783;694;1089;1007;375;632;221;80;141;2;-;2;552;238;314;1;1;-
Campos dos Goytacazes/RJ;81 anos;1361;552;809;786;315;471;144;56;88;-;-;-;431;181;250;-;-;-
Campos dos Goytacazes/RJ;82 anos;1358;529;829;771;288;483;165;59;106;1;-;1;418;182;236;3;-;3
Campos dos Goytacazes/RJ;83 anos;1264;494;770;729;259;470;157;63;94;1;1;-;376;171;205;1;-;1
Campos dos Goytacazes/RJ;84 anos;1101;424;677;629;231;398;132;52;80;-;-;-;339;141;198;1;-;1
Campos dos Goytacazes/RJ;85 a 89 anos;3423;1228;2195;1970;680;1290;409;145;264;-;-;-;1040;403;637;4;-;4
Campos dos Goytacazes/RJ;85 anos;912;337;575;513;172;341;102;43;59;-;-;-;297;122;175;-;-;-
Campos dos Goytacazes/RJ;86 anos;839;312;527;465;168;297;101;37;64;-;-;-;272;107;165;1;-;1
Campos dos Goytacazes/RJ;87 anos;662;239;423;392;145;247;86;30;56;-;-;-;184;64;120;-;-;-
Campos dos Goytacazes/RJ;88 anos;531;194;337;321;120;201;68;21;47;-;-;-;141;53;88;1;-;1
Campos dos Goytacazes/RJ;89 anos;479;146;333;279;75;204;52;14;38;-;-;-;146;57;89;2;-;2
Campos dos Goytacazes/RJ;90 a 94 anos;1585;521;1064;965;312;653;193;70;123;4;-;4;420;139;281;3;-;3
Campos dos Goytacazes/RJ;90 anos;476;157;319;285;91;194;58;18;40;2;-;2;131;48;83;-;-;-
Campos dos Goytacazes/RJ;91 anos;329;105;224;201;63;138;41;17;24;-;-;-;84;25;59;3;-;3
Campos dos Goytacazes/RJ;92 anos;371;125;246;228;78;150;48;20;28;2;-;2;93;27;66;-;-;-
Campos dos Goytacazes/RJ;93 anos;238;70;168;146;40;106;24;7;17;-;-;-;68;23;45;-;-;-
Campos dos Goytacazes/RJ;94 anos;171;64;107;105;40;65;22;8;14;-;-;-;44;16;28;-;-;-
Campos dos Goytacazes/RJ;95 a 99 anos;390;113;277;225;66;159;49;9;40;-;-;-;116;38;78;-;-;-
Campos dos Goytacazes/RJ;95 anos;116;31;85;67;22;45;19;1;18;-;-;-;30;8;22;-;-;-
Campos dos Goytacazes/RJ;96 anos;108;38;70;61;22;39;8;2;6;-;-;-;39;14;25;-;-;-
Campos dos Goytacazes/RJ;97 anos;78;24;54;48;13;35;9;4;5;-;-;-;21;7;14;-;-;-
Campos dos Goytacazes/RJ;98 anos;51;12;39;27;5;22;4;-;4;-;-;-;20;7;13;-;-;-
Campos dos Goytacazes/RJ;99 anos;37;8;29;22;4;18;9;2;7;-;-;-;6;2;4;-;-;-
Campos dos Goytacazes/RJ;100 anos ou mais;73;25;48;44;17;27;13;2;11;-;-;-;16;6;10;-;-;-
Macaé - Rio das Ostras/RJ;Total;483943;233479;250464;191890;89987;101903;76682;37788;38894;677;317;360;213998;105047;108951;689;337;352
Macaé - Rio das Ostras/RJ;0 a 4 anos;30666;15604;15062;13442;6822;6620;3437;1756;1681;46;21;25;13717;6987;6730;24;18;6
Macaé - Rio das Ostras/RJ;Menos de 1 ano;5446;2768;2678;2611;1348;1263;529;278;251;6;2;4;2296;1137;1159;4;3;1
Macaé - Rio das Ostras/RJ;Menos de 1 mês;413;215;198;191;99;92;37;16;21;-;-;-;184;99;85;1;1;-
Macaé - Rio das Ostras/RJ;1 mês;388;189;199;191;96;95;36;15;21;-;-;-;161;78;83;-;-;-
Macaé - Rio das Ostras/RJ;2 meses;432;210;222;218;110;108;40;23;17;3;-;3;171;77;94;-;-;-
Macaé - Rio das Ostras/RJ;3 meses;456;233;223;220;109;111;36;20;16;-;-;-;200;104;96;-;-;-
Macaé - Rio das Ostras/RJ;4 meses;496;239;257;236;114;122;52;21;31;1;1;-;207;103;104;-;-;-
Macaé - Rio das Ostras/RJ;5 meses;387;195;192;178;80;98;34;18;16;-;-;-;175;97;78;-;-;-
Macaé - Rio das Ostras/RJ;6 meses;503;239;264;247;118;129;37;19;18;-;-;-;217;101;116;2;1;1
Macaé - Rio das Ostras/RJ;7 meses;506;277;229;240;140;100;58;31;27;1;-;1;206;105;101;1;1;-
Macaé - Rio das Ostras/RJ;8 meses;463;233;230;219;118;101;46;21;25;1;1;-;197;93;104;-;-;-
Macaé - Rio das Ostras/RJ;9 meses;474;262;212;236;124;112;55;33;22;-;-;-;183;105;78;-;-;-
Macaé - Rio das Ostras/RJ;10 meses;475;247;228;230;127;103;43;27;16;-;-;-;202;93;109;-;-;-
Macaé - Rio das Ostras/RJ;11 meses;453;229;224;205;113;92;55;34;21;-;-;-;193;82;111;-;-;-
Macaé - Rio das Ostras/RJ;1 ano;5515;2850;2665;2469;1268;1201;605;292;313;6;4;2;2429;1281;1148;6;5;1
Macaé - Rio das Ostras/RJ;2 anos;6225;3102;3123;2733;1342;1391;674;340;334;8;4;4;2807;1414;1393;3;2;1
Macaé - Rio das Ostras/RJ;3 anos;6587;3342;3245;2758;1389;1369;783;395;388;12;4;8;3029;1550;1479;5;4;1
Macaé - Rio das Ostras/RJ;4 anos;6893;3542;3351;2871;1475;1396;846;451;395;14;7;7;3156;1605;1551;6;4;2
Macaé - Rio das Ostras/RJ;5 a 9 anos;35832;18271;17561;13692;6914;6778;4601;2290;2311;39;25;14;17472;9027;8445;28;15;13
Macaé - Rio das Ostras/RJ;5 anos;6704;3427;3277;2684;1347;1337;810;414;396;10;6;4;3193;1657;1536;7;3;4
Macaé - Rio das Ostras/RJ;6 anos;7243;3797;3446;2833;1430;1403;902;481;421;3;-;3;3501;1884;1617;4;2;2
Macaé - Rio das Ostras/RJ;7 anos;7391;3766;3625;2808;1409;1399;992;483;509;10;8;2;3576;1862;1714;5;4;1
Macaé - Rio das Ostras/RJ;8 anos;7231;3661;3570;2686;1386;1300;949;453;496;9;7;2;3583;1812;1771;4;3;1
Macaé - Rio das Ostras/RJ;9 anos;7263;3620;3643;2681;1342;1339;948;459;489;7;4;3;3619;1812;1807;8;3;5
Macaé - Rio das Ostras/RJ;10 a 14 anos;33493;17146;16347;12181;6168;6013;4592;2377;2215;35;18;17;16658;8567;8091;27;16;11
Macaé - Rio das Ostras/RJ;10 anos;6737;3500;3237;2527;1309;1218;911;452;459;8;7;1;3287;1728;1559;4;4;-
Macaé - Rio das Ostras/RJ;11 anos;6833;3456;3377;2531;1283;1248;958;477;481;10;4;6;3326;1688;1638;8;4;4
Macaé - Rio das Ostras/RJ;12 anos;6807;3473;3334;2389;1203;1186;951;508;443;4;3;1;3457;1755;1702;6;4;2
Macaé - Rio das Ostras/RJ;13 anos;6641;3364;3277;2425;1193;1232;891;470;421;7;3;4;3312;1696;1616;6;2;4
Macaé - Rio das Ostras/RJ;14 anos;6475;3353;3122;2309;1180;1129;881;470;411;6;1;5;3276;1700;1576;3;2;1
Macaé - Rio das Ostras/RJ;15 a 19 anos;32680;16494;16186;11790;5777;6013;5152;2626;2526;41;21;20;15659;8058;7601;36;11;25
Macaé - Rio das Ostras/RJ;15 anos;6543;3349;3194;2354;1163;1191;961;491;470;8;4;4;3212;1686;1526;8;5;3
Macaé - Rio das Ostras/RJ;16 anos;6690;3396;3294;2406;1182;1224;1005;530;475;8;3;5;3261;1678;1583;9;2;7
Macaé - Rio das Ostras/RJ;17 anos;6634;3354;3280;2377;1148;1229;1084;569;515;7;4;3;3161;1632;1529;4;1;3
Macaé - Rio das Ostras/RJ;18 anos;6548;3363;3185;2359;1210;1149;1073;536;537;4;1;3;3106;1615;1491;6;1;5
Macaé - Rio das Ostras/RJ;19 anos;6265;3032;3233;2294;1074;1220;1029;500;529;14;9;5;2919;1447;1472;9;2;7
Macaé - Rio das Ostras/RJ;20 a 24 anos;33651;16265;17386;12121;5743;6378;6224;3038;3186;48;18;30;15213;7439;7774;45;27;18
Macaé - Rio das Ostras/RJ;20 anos;6323;3144;3179;2251;1079;1172;1113;577;536;6;3;3;2945;1484;1461;8;1;7
Macaé - Rio das Ostras/RJ;21 anos;6490;3173;3317;2319;1137;1182;1199;579;620;8;4;4;2957;1447;1510;7;6;1
Macaé - Rio das Ostras/RJ;22 anos;7351;3542;3809;2690;1242;1448;1372;675;697;17;6;11;3260;1613;1647;12;6;6
Macaé - Rio das Ostras/RJ;23 anos;6884;3322;3562;2467;1165;1302;1276;613;663;9;3;6;3121;1532;1589;11;9;2
Macaé - Rio das Ostras/RJ;24 anos;6603;3084;3519;2394;1120;1274;1264;594;670;8;2;6;2930;1363;1567;7;5;2
Macaé - Rio das Ostras/RJ;25 a 29 anos;35146;16742;18404;12707;5857;6850;6674;3271;3403;42;18;24;15672;7571;8101;51;25;26
Macaé - Rio das Ostras/RJ;25 anos;7087;3442;3645;2564;1188;1376;1286;663;623;10;4;6;3218;1581;1637;9;6;3
Macaé - Rio das Ostras/RJ;26 anos;6973;3338;3635;2497;1146;1351;1322;648;674;9;4;5;3132;1533;1599;13;7;6
Macaé - Rio das Ostras/RJ;27 anos;7150;3335;3815;2583;1158;1425;1380;680;700;7;3;4;3173;1491;1682;7;3;4
Macaé - Rio das Ostras/RJ;28 anos;7126;3368;3758;2599;1204;1395;1350;654;696;10;4;6;3154;1500;1654;13;6;7
Macaé - Rio das Ostras/RJ;29 anos;6810;3259;3551;2464;1161;1303;1336;626;710;6;3;3;2995;1466;1529;9;3;6
Macaé - Rio das Ostras/RJ;30 a 34 anos;37202;17487;19715;13987;6473;7514;6729;3276;3453;58;22;36;16365;7690;8675;63;26;37
Macaé - Rio das Ostras/RJ;30 anos;7422;3489;3933;2757;1260;1497;1317;647;670;14;5;9;3320;1574;1746;14;3;11
Macaé - Rio das Ostras/RJ;31 anos;6737;3137;3600;2519;1168;1351;1170;553;617;8;4;4;3026;1405;1621;14;7;7
Macaé - Rio das Ostras/RJ;32 anos;7508;3488;4020;2828;1285;1543;1376;662;714;6;3;3;3285;1532;1753;13;6;7
Macaé - Rio das Ostras/RJ;33 anos;7839;3728;4111;2958;1398;1560;1441;717;724;18;5;13;3408;1601;1807;14;7;7
Macaé - Rio das Ostras/RJ;34 anos;7696;3645;4051;2925;1362;1563;1425;697;728;12;5;7;3326;1578;1748;8;3;5
Macaé - Rio das Ostras/RJ;35 a 39 anos;42506;20370;22136;16168;7525;8643;7479;3681;3798;80;43;37;18713;9089;9624;66;32;34
Macaé - Rio das Ostras/RJ;35 anos;8490;4096;4394;3220;1528;1692;1490;745;745;17;5;12;3753;1814;1939;10;4;6
Macaé - Rio das Ostras/RJ;36 anos;8332;3944;4388;3220;1489;1731;1423;698;725;18;12;6;3658;1740;1918;13;5;8
Macaé - Rio das Ostras/RJ;37 anos;8362;4014;4348;3253;1498;1755;1453;730;723;14;9;5;3631;1772;1859;11;5;6
Macaé - Rio das Ostras/RJ;38 anos;8636;4104;4532;3189;1455;1734;1567;740;827;19;14;5;3839;1882;1957;22;13;9
Macaé - Rio das Ostras/RJ;39 anos;8686;4212;4474;3286;1555;1731;1546;768;778;12;3;9;3832;1881;1951;10;5;5
Macaé - Rio das Ostras/RJ;40 a 44 anos;42485;20769;21716;16447;7732;8715;7385;3798;3587;70;28;42;18515;9173;9342;67;38;29
Macaé - Rio das Ostras/RJ;40 anos;9850;4744;5106;3771;1767;2004;1691;861;830;20;12;8;4346;2093;2253;22;11;11
Macaé - Rio das Ostras/RJ;41 anos;8349;4072;4277;3271;1524;1747;1444;748;696;10;2;8;3613;1788;1825;11;10;1
Macaé - Rio das Ostras/RJ;42 anos;8813;4333;4480;3388;1632;1756;1576;791;785;10;4;6;3825;1901;1924;14;5;9
Macaé - Rio das Ostras/RJ;43 anos;8012;3948;4064;3038;1415;1623;1385;711;674;21;8;13;3559;1808;1751;8;6;2
Macaé - Rio das Ostras/RJ;44 anos;7461;3672;3789;2979;1394;1585;1289;687;602;9;2;7;3172;1583;1589;12;6;6
Macaé - Rio das Ostras/RJ;45 a 49 anos;33792;16159;17633;13012;5968;7044;5885;2921;2964;47;17;30;14787;7218;7569;60;34;26
Macaé - Rio das Ostras/RJ;45 anos;7861;3747;4114;2990;1397;1593;1438;711;727;14;2;12;3402;1628;1774;17;9;8
Macaé - Rio das Ostras/RJ;46 anos;6757;3214;3543;2559;1167;1392;1167;578;589;11;6;5;3015;1459;1556;4;3;1
Macaé - Rio das Ostras/RJ;47 anos;6715;3250;3465;2602;1226;1376;1153;577;576;10;6;4;2938;1436;1502;12;5;7
Macaé - Rio das Ostras/RJ;48 anos;6407;3067;3340;2431;1070;1361;1111;550;561;3;1;2;2851;1439;1412;11;7;4
Macaé - Rio das Ostras/RJ;49 anos;6052;2881;3171;2430;1108;1322;1016;505;511;9;2;7;2581;1256;1325;16;10;6
Macaé - Rio das Ostras/RJ;50 a 54 anos;29417;13948;15469;11635;5269;6366;4953;2486;2467;32;14;18;12751;6161;6590;46;18;28
Macaé - Rio das Ostras/RJ;50 anos;6762;3257;3505;2653;1220;1433;1172;585;587;8;2;6;2922;1448;1474;7;2;5
Macaé - Rio das Ostras/RJ;51 anos;5803;2724;3079;2295;1014;1281;936;473;463;8;3;5;2556;1232;1324;8;2;6
Macaé - Rio das Ostras/RJ;52 anos;5994;2799;3195;2334;1075;1259;1018;511;507;8;3;5;2625;1206;1419;9;4;5
Macaé - Rio das Ostras/RJ;53 anos;5564;2639;2925;2215;989;1226;950;482;468;6;4;2;2379;1158;1221;14;6;8
Macaé - Rio das Ostras/RJ;54 anos;5294;2529;2765;2138;971;1167;877;435;442;2;2;-;2269;1117;1152;8;4;4
Macaé - Rio das Ostras/RJ;55 a 59 anos;27149;12788;14361;11470;5224;6246;4195;1970;2225;39;18;21;11396;5550;5846;49;26;23
Macaé - Rio das Ostras/RJ;55 anos;5628;2690;2938;2402;1112;1290;864;402;462;8;1;7;2344;1168;1176;10;7;3
Macaé - Rio das Ostras/RJ;56 anos;5404;2584;2820;2213;1042;1171;877;408;469;4;2;2;2300;1127;1173;10;5;5
Macaé - Rio das Ostras/RJ;57 anos;5509;2526;2983;2326;1024;1302;857;382;475;7;2;5;2311;1114;1197;8;4;4
Macaé - Rio das Ostras/RJ;58 anos;5447;2552;2895;2270;1035;1235;832;410;422;11;8;3;2322;1095;1227;12;4;8
Macaé - Rio das Ostras/RJ;59 anos;5161;2436;2725;2259;1011;1248;765;368;397;9;5;4;2119;1046;1073;9;6;3
Macaé - Rio das Ostras/RJ;60 a 64 anos;23705;11103;12602;10335;4702;5633;3445;1676;1769;27;11;16;9855;4694;5161;42;19;23
Macaé - Rio das Ostras/RJ;60 anos;5442;2570;2872;2278;1051;1227;824;403;421;9;4;5;2318;1107;1211;13;5;8
Macaé - Rio das Ostras/RJ;61 anos;4580;2098;2482;1996;903;1093;687;314;373;8;2;6;1885;877;1008;4;2;2
Macaé - Rio das Ostras/RJ;62 anos;4956;2347;2609;2188;988;1200;693;347;346;3;2;1;2063;1006;1057;8;3;5
Macaé - Rio das Ostras/RJ;63 anos;4427;2052;2375;1979;883;1096;634;309;325;2;1;1;1806;855;951;6;4;2
Macaé - Rio das Ostras/RJ;64 anos;4300;2036;2264;1894;877;1017;607;303;304;5;2;3;1783;849;934;11;5;6
Macaé - Rio das Ostras/RJ;65 a 69 anos;18174;8406;9768;8357;3756;4601;2511;1189;1322;26;16;10;7245;3429;3816;35;16;19
Macaé - Rio das Ostras/RJ;65 anos;4321;2036;2285;1915;883;1032;627;300;327;3;1;2;1771;849;922;5;3;2
Macaé - Rio das Ostras/RJ;66 anos;3766;1753;2013;1755;783;972;543;267;276;8;6;2;1453;694;759;7;3;4
Macaé - Rio das Ostras/RJ;67 anos;3591;1586;2005;1616;678;938;485;241;244;6;4;2;1479;661;818;5;2;3
Macaé - Rio das Ostras/RJ;68 anos;3491;1631;1860;1646;772;874;487;216;271;5;3;2;1342;636;706;11;4;7
Macaé - Rio das Ostras/RJ;69 anos;3005;1400;1605;1425;640;785;369;165;204;4;2;2;1200;589;611;7;4;3
Macaé - Rio das Ostras/RJ;70 a 74 anos;12355;5608;6747;6134;2769;3365;1568;686;882;20;13;7;4611;2133;2478;21;7;14
Macaé - Rio das Ostras/RJ;70 anos;3073;1438;1635;1490;710;780;397;166;231;5;2;3;1177;559;618;4;1;3
Macaé - Rio das Ostras/RJ;71 anos;2537;1135;1402;1259;567;692;325;136;189;3;1;2;942;429;513;8;2;6
Macaé - Rio das Ostras/RJ;72 anos;2552;1171;1381;1222;555;667;337;148;189;4;4;-;987;463;524;2;1;1
Macaé - Rio das Ostras/RJ;73 anos;2173;990;1183;1132;487;645;265;126;139;5;3;2;767;374;393;3;-;3
Macaé - Rio das Ostras/RJ;74 anos;2020;874;1146;1031;450;581;244;110;134;3;3;-;738;308;430;4;3;1
Macaé - Rio das Ostras/RJ;75 a 79 anos;7449;3201;4248;3876;1616;2260;893;403;490;15;7;8;2653;1173;1480;11;2;9
Macaé - Rio das Ostras/RJ;75 anos;1819;819;1000;927;410;517;217;105;112;5;1;4;670;303;367;-;-;-
Macaé - Rio das Ostras/RJ;76 anos;1689;712;977;860;341;519;210;102;108;4;2;2;613;267;346;2;-;2
Macaé - Rio das Ostras/RJ;77 anos;1369;603;766;731;323;408;159;70;89;3;2;1;474;207;267;2;1;1
Macaé - Rio das Ostras/RJ;78 anos;1357;557;800;713;286;427;163;63;100;1;-;1;475;207;268;5;1;4
Macaé - Rio das Ostras/RJ;79 anos;1215;510;705;645;256;389;144;63;81;2;2;-;421;189;232;2;-;2
Macaé - Rio das Ostras/RJ;80 a 84 anos;4544;1868;2676;2440;985;1455;541;196;345;6;5;1;1543;676;867;14;6;8
Macaé - Rio das Ostras/RJ;80 anos;1158;496;662;629;260;369;141;63;78;2;2;-;384;171;213;2;-;2
Macaé - Rio das Ostras/RJ;81 anos;886;383;503;467;209;258;102;38;64;1;1;-;312;133;179;4;2;2
Macaé - Rio das Ostras/RJ;82 anos;929;369;560;506;194;312;120;36;84;-;-;-;300;137;163;3;2;1
Macaé - Rio das Ostras/RJ;83 anos;807;302;505;425;152;273;82;23;59;3;2;1;293;123;170;4;2;2
Macaé - Rio das Ostras/RJ;84 anos;764;318;446;413;170;243;96;36;60;-;-;-;254;112;142;1;-;1
Macaé - Rio das Ostras/RJ;85 a 89 anos;2366;851;1515;1337;465;872;263;91;172;3;2;1;759;292;467;4;1;3
Macaé - Rio das Ostras/RJ;85 anos;612;228;384;362;122;240;65;25;40;-;-;-;183;80;103;2;1;1
Macaé - Rio das Ostras/RJ;86 anos;573;218;355;305;114;191;72;24;48;-;-;-;195;80;115;1;-;1
Macaé - Rio das Ostras/RJ;87 anos;481;154;327;270;82;188;48;18;30;-;-;-;162;54;108;1;-;1
Macaé - Rio das Ostras/RJ;88 anos;385;138;247;221;83;138;44;16;28;2;1;1;118;38;80;-;-;-
Macaé - Rio das Ostras/RJ;89 anos;315;113;202;179;64;115;34;8;26;1;1;-;101;40;61;-;-;-
Macaé - Rio das Ostras/RJ;90 a 94 anos;1004;322;682;585;180;405;116;49;67;3;-;3;300;93;207;-;-;-
Macaé - Rio das Ostras/RJ;90 anos;271;88;183;162;57;105;32;10;22;1;-;1;76;21;55;-;-;-
Macaé - Rio das Ostras/RJ;91 anos;221;76;145;117;34;83;23;10;13;-;-;-;81;32;49;-;-;-
Macaé - Rio das Ostras/RJ;92 anos;238;69;169;130;34;96;31;16;15;1;-;1;76;19;57;-;-;-
Macaé - Rio das Ostras/RJ;93 anos;168;55;113;106;35;71;17;7;10;1;-;1;44;13;31;-;-;-
Macaé - Rio das Ostras/RJ;94 anos;106;34;72;70;20;50;13;6;7;-;-;-;23;8;15;-;-;-
Macaé - Rio das Ostras/RJ;95 a 99 anos;268;65;203;150;36;114;25;7;18;-;-;-;93;22;71;-;-;-
Macaé - Rio das Ostras/RJ;95 anos;92;25;67;51;15;36;7;2;5;-;-;-;34;8;26;-;-;-
Macaé - Rio das Ostras/RJ;96 anos;62;15;47;35;8;27;9;3;6;-;-;-;18;4;14;-;-;-
Macaé - Rio das Ostras/RJ;97 anos;50;11;39;24;6;18;5;1;4;-;-;-;21;4;17;-;-;-
Macaé - Rio das Ostras/RJ;98 anos;41;8;33;27;5;22;3;1;2;-;-;-;11;2;9;-;-;-
Macaé - Rio das Ostras/RJ;99 anos;23;6;17;13;2;11;1;-;1;-;-;-;9;4;5;-;-;-
Macaé - Rio das Ostras/RJ;100 anos ou mais;59;12;47;24;6;18;14;1;13;-;-;-;21;5;16;-;-;-
Petrópolis/RJ;Total;290709;136870;153839;169632;77727;91905;38697;18543;20154;325;156;169;81868;40361;41507;185;82;103
Petrópolis/RJ;0 a 4 anos;15150;7661;7489;8465;4182;4283;1815;947;868;10;6;4;4856;2523;2333;4;3;1
Petrópolis/RJ;Menos de 1 ano;2647;1400;1247;1515;793;722;295;163;132;2;1;1;833;442;391;2;1;1
Petrópolis/RJ;Menos de 1 mês;207;101;106;117;63;54;25;12;13;-;-;-;64;26;38;1;-;1
Petrópolis/RJ;1 mês;207;107;100;129;63;66;17;10;7;-;-;-;61;34;27;-;-;-
Petrópolis/RJ;2 meses;232;131;101;111;57;54;27;15;12;-;-;-;94;59;35;-;-;-
Petrópolis/RJ;3 meses;231;115;116;129;63;66;25;14;11;-;-;-;77;38;39;-;-;-
Petrópolis/RJ;4 meses;227;122;105;141;77;64;24;14;10;-;-;-;61;30;31;1;1;-
Petrópolis/RJ;5 meses;197;103;94;126;68;58;16;9;7;-;-;-;55;26;29;-;-;-
Petrópolis/RJ;6 meses;227;119;108;140;70;70;18;10;8;1;1;-;68;38;30;-;-;-
Petrópolis/RJ;7 meses;216;113;103;113;58;55;28;16;12;-;-;-;75;39;36;-;-;-
Petrópolis/RJ;8 meses;243;136;107;144;75;69;25;17;8;-;-;-;74;44;30;-;-;-
Petrópolis/RJ;9 meses;248;129;119;128;65;63;39;19;20;-;-;-;81;45;36;-;-;-
Petrópolis/RJ;10 meses;193;115;78;115;70;45;25;12;13;-;-;-;53;33;20;-;-;-
Petrópolis/RJ;11 meses;219;109;110;122;64;58;26;15;11;1;-;1;70;30;40;-;-;-
Petrópolis/RJ;1 ano;2604;1327;1277;1504;734;770;276;154;122;2;1;1;821;437;384;1;1;-
Petrópolis/RJ;2 anos;3132;1535;1597;1782;844;938;390;209;181;1;-;1;959;482;477;-;-;-
Petrópolis/RJ;3 anos;3370;1659;1711;1826;890;936;433;205;228;3;2;1;1108;562;546;-;-;-
Petrópolis/RJ;4 anos;3397;1740;1657;1838;921;917;421;216;205;2;2;-;1135;600;535;1;1;-
Petrópolis/RJ;5 a 9 anos;16860;8476;8384;9010;4478;4532;2017;1013;1004;15;5;10;5812;2977;2835;6;3;3
Petrópolis/RJ;5 anos;3237;1587;1650;1736;846;890;392;196;196;3;2;1;1105;543;562;1;-;1
Petrópolis/RJ;6 anos;3464;1787;1677;1841;929;912;409;206;203;4;1;3;1210;651;559;-;-;-
Petrópolis/RJ;7 anos;3501;1727;1774;1910;945;965;394;196;198;-;-;-;1195;585;610;2;1;1
Petrópolis/RJ;8 anos;3397;1693;1704;1854;905;949;419;215;204;7;2;5;1115;569;546;2;2;-
Petrópolis/RJ;9 anos;3261;1682;1579;1669;853;816;403;200;203;1;-;1;1187;629;558;1;-;1
Petrópolis/RJ;10 a 14 anos;16283;8342;7941;8476;4339;4137;2089;1111;978;15;7;8;5696;2883;2813;7;2;5
Petrópolis/RJ;10 anos;3199;1657;1542;1681;882;799;420;217;203;3;-;3;1094;558;536;1;-;1
Petrópolis/RJ;11 anos;3270;1603;1667;1719;837;882;405;214;191;4;1;3;1142;551;591;-;-;-
Petrópolis/RJ;12 anos;3442;1807;1635;1789;927;862;432;239;193;2;2;-;1216;637;579;3;2;1
Petrópolis/RJ;13 anos;3209;1677;1532;1674;867;807;435;244;191;1;-;1;1098;566;532;1;-;1
Petrópolis/RJ;14 anos;3163;1598;1565;1613;826;787;397;197;200;5;4;1;1146;571;575;2;-;2
Petrópolis/RJ;15 a 19 anos;17340;8766;8574;9216;4560;4656;2376;1221;1155;21;9;12;5719;2973;2746;8;3;5
Petrópolis/RJ;15 anos;3348;1705;1643;1788;905;883;459;244;215;2;1;1;1099;555;544;-;-;-
Petrópolis/RJ;16 anos;3392;1722;1670;1830;900;930;450;220;230;5;3;2;1107;599;508;-;-;-
Petrópolis/RJ;17 anos;3520;1721;1799;1867;871;996;455;245;210;3;2;1;1190;601;589;5;2;3
Petrópolis/RJ;18 anos;3606;1826;1780;1889;945;944;512;259;253;5;2;3;1199;620;579;1;-;1
Petrópolis/RJ;19 anos;3474;1792;1682;1842;939;903;500;253;247;6;1;5;1124;598;526;2;1;1
Petrópolis/RJ;20 a 24 anos;19976;9905;10071;10683;5136;5547;3024;1525;1499;22;8;14;6232;3228;3004;14;8;6
Petrópolis/RJ;20 anos;3861;1938;1923;1994;964;1030;578;297;281;3;2;1;1285;675;610;1;-;1
Petrópolis/RJ;21 anos;3821;1884;1937;2136;1017;1119;543;260;283;3;1;2;1135;603;532;4;3;1
Petrópolis/RJ;22 anos;4363;2143;2220;2305;1094;1211;680;359;321;3;2;1;1374;687;687;1;1;-
Petrópolis/RJ;23 anos;4064;2022;2042;2153;1056;1097;614;310;304;9;1;8;1283;653;630;5;2;3
Petrópolis/RJ;24 anos;3867;1918;1949;2095;1005;1090;609;299;310;4;2;2;1155;610;545;3;2;1
Petrópolis/RJ;25 a 29 anos;19664;9529;10135;10476;4970;5506;3161;1520;1641;35;21;14;5977;3011;2966;15;7;8
Petrópolis/RJ;25 anos;4205;2026;2179;2255;1029;1226;662;315;347;5;2;3;1281;679;602;2;1;1
Petrópolis/RJ;26 anos;3923;1885;2038;2148;1016;1132;600;276;324;13;8;5;1159;585;574;3;-;3
Petrópolis/RJ;27 anos;3927;1941;1986;2068;1021;1047;649;317;332;6;5;1;1203;598;605;1;-;1
Petrópolis/RJ;28 anos;3938;1884;2054;2076;965;1111;638;311;327;6;2;4;1217;605;612;1;1;-
Petrópolis/RJ;29 anos;3671;1793;1878;1929;939;990;612;301;311;5;4;1;1117;544;573;8;5;3
Petrópolis/RJ;30 a 34 anos;20025;9676;10349;10890;5117;5773;3187;1587;1600;32;16;16;5902;2948;2954;14;8;6
Petrópolis/RJ;30 anos;4450;2185;2265;2415;1165;1250;704;352;352;5;-;5;1324;666;658;2;2;-
Petrópolis/RJ;31 anos;3667;1862;1805;1975;992;983;613;319;294;6;2;4;1069;547;522;4;2;2
Petrópolis/RJ;32 anos;4130;1970;2160;2242;1031;1211;631;311;320;6;5;1;1249;622;627;2;1;1
Petrópolis/RJ;33 anos;3953;1832;2121;2142;970;1172;651;302;349;7;3;4;1152;556;596;1;1;-
Petrópolis/RJ;34 anos;3825;1827;1998;2116;959;1157;588;303;285;8;6;2;1108;557;551;5;2;3
Petrópolis/RJ;35 a 39 anos;20654;9739;10915;11460;5310;6150;3176;1532;1644;21;8;13;5983;2882;3101;14;7;7
Petrópolis/RJ;35 anos;4185;2005;2180;2302;1081;1221;669;329;340;2;1;1;1208;591;617;4;3;1
Petrópolis/RJ;36 anos;4066;1932;2134;2248;1062;1186;634;310;324;6;1;5;1177;559;618;1;-;1
Petrópolis/RJ;37 anos;3814;1770;2044;2071;934;1137;619;289;330;1;1;-;1121;544;577;2;2;-
Petrópolis/RJ;38 anos;4287;1964;2323;2400;1089;1311;602;277;325;5;-;5;1277;597;680;3;1;2
Petrópolis/RJ;39 anos;4302;2068;2234;2439;1144;1295;652;327;325;7;5;2;1200;591;609;4;1;3
Petrópolis/RJ;40 a 44 anos;22695;10744;11951;13096;6020;7076;3255;1582;1673;18;8;10;6312;3125;3187;14;9;5
Petrópolis/RJ;40 anos;5195;2478;2717;2993;1373;1620;763;409;354;3;2;1;1433;692;741;3;2;1
Petrópolis/RJ;41 anos;4335;2076;2259;2517;1210;1307;601;263;338;5;-;5;1209;600;609;3;3;-
Petrópolis/RJ;42 anos;4838;2279;2559;2794;1293;1501;681;306;375;4;2;2;1358;677;681;1;1;-
Petrópolis/RJ;43 anos;4369;2092;2277;2502;1125;1377;620;323;297;3;2;1;1238;640;598;6;2;4
Petrópolis/RJ;44 anos;3958;1819;2139;2290;1019;1271;590;281;309;3;2;1;1074;516;558;1;1;-
Petrópolis/RJ;45 a 49 anos;20421;9747;10674;11891;5512;6379;2881;1409;1472;23;9;14;5611;2811;2800;15;6;9
Petrópolis/RJ;45 anos;4536;2204;2332;2655;1258;1397;623;308;315;2;2;-;1253;635;618;3;1;2
Petrópolis/RJ;46 anos;4021;1929;2092;2326;1079;1247;597;295;302;5;1;4;1089;552;537;4;2;2
Petrópolis/RJ;47 anos;3924;1898;2026;2287;1054;1233;535;283;252;5;4;1;1094;556;538;3;1;2
Petrópolis/RJ;48 anos;3987;1866;2121;2275;1022;1253;580;271;309;6;2;4;1123;570;553;3;1;2
Petrópolis/RJ;49 anos;3953;1850;2103;2348;1099;1249;546;252;294;5;-;5;1052;498;554;2;1;1
Petrópolis/RJ;50 a 54 anos;20577;9652;10925;12238;5614;6624;2801;1325;1476;21;9;12;5499;2697;2802;18;7;11
Petrópolis/RJ;50 anos;4492;2129;2363;2661;1213;1448;580;291;289;3;2;1;1246;622;624;2;1;1
Petrópolis/RJ;51 anos;3934;1843;2091;2362;1084;1278;530;224;306;3;2;1;1036;533;503;3;-;3
Petrópolis/RJ;52 anos;4217;1970;2247;2488;1137;1351;590;281;309;3;-;3;1133;551;582;3;1;2
Petrópolis/RJ;53 anos;3996;1886;2110;2349;1105;1244;585;293;292;5;1;4;1050;483;567;7;4;3
Petrópolis/RJ;54 anos;3938;1824;2114;2378;1075;1303;516;236;280;7;4;3;1034;508;526;3;1;2
Petrópolis/RJ;55 a 59 anos;19424;8887;10537;12062;5427;6635;2475;1117;1358;17;8;9;4858;2329;2529;11;5;6
Petrópolis/RJ;55 anos;3913;1817;2096;2379;1065;1314;525;253;272;7;3;4;997;493;504;4;2;2
Petrópolis/RJ;56 anos;3992;1818;2174;2443;1103;1340;521;234;287;3;2;1;1025;479;546;-;-;-
Petrópolis/RJ;57 anos;3955;1794;2161;2455;1090;1365;496;223;273;4;2;2;997;477;520;3;2;1
Petrópolis/RJ;58 anos;3977;1824;2153;2514;1157;1357;485;203;282;2;1;1;974;463;511;2;-;2
Petrópolis/RJ;59 anos;3587;1634;1953;2271;1012;1259;448;204;244;1;-;1;865;417;448;2;1;1
Petrópolis/RJ;60 a 64 anos;17355;7782;9573;11075;4930;6145;2119;917;1202;9;4;5;4141;1926;2215;11;5;6
Petrópolis/RJ;60 anos;3903;1783;2120;2478;1121;1357;513;233;280;1;1;-;910;428;482;1;-;1
Petrópolis/RJ;61 anos;3407;1523;1884;2175;978;1197;408;179;229;-;-;-;823;365;458;1;1;-
Petrópolis/RJ;62 anos;3544;1586;1958;2267;992;1275;422;183;239;4;1;3;846;410;436;5;-;5
Petrópolis/RJ;63 anos;3360;1489;1871;2148;921;1227;400;175;225;3;1;2;807;390;417;2;2;-
Petrópolis/RJ;64 anos;3141;1401;1740;2007;918;1089;376;147;229;1;1;-;755;333;422;2;2;-
Petrópolis/RJ;65 a 69 anos;14785;6462;8323;9579;4122;5457;1666;716;950;20;15;5;3510;1607;1903;10;2;8
Petrópolis/RJ;65 anos;3401;1485;1916;2201;941;1260;408;180;228;2;1;1;788;363;425;2;-;2
Petrópolis/RJ;66 anos;2977;1309;1668;1962;854;1108;294;117;177;5;5;-;713;333;380;3;-;3
Petrópolis/RJ;67 anos;2956;1287;1669;1911;827;1084;341;141;200;4;3;1;698;315;383;2;1;1
Petrópolis/RJ;68 anos;2884;1266;1618;1826;789;1037;348;151;197;2;1;1;707;324;383;1;1;-
Petrópolis/RJ;69 anos;2567;1115;1452;1679;711;968;275;127;148;7;5;2;604;272;332;2;-;2
Petrópolis/RJ;70 a 74 anos;11898;4910;6988;8113;3330;4783;1189;448;741;9;3;6;2579;1127;1452;8;2;6
Petrópolis/RJ;70 anos;2835;1185;1650;1866;770;1096;299;111;188;3;1;2;665;303;362;2;-;2
Petrópolis/RJ;71 anos;2354;968;1386;1594;658;936;240;90;150;-;-;-;520;220;300;-;-;-
Petrópolis/RJ;72 anos;2496;1060;1436;1734;740;994;240;92;148;4;1;3;514;226;288;4;1;3
Petrópolis/RJ;73 anos;2260;920;1340;1571;631;940;207;77;130;2;1;1;480;211;269;-;-;-
Petrópolis/RJ;74 anos;1953;777;1176;1348;531;817;203;78;125;-;-;-;400;167;233;2;1;1
Petrópolis/RJ;75 a 79 anos;7897;3209;4688;5602;2227;3375;691;281;410;15;10;5;1582;690;892;7;1;6
Petrópolis/RJ;75 anos;2009;820;1189;1398;555;843;188;69;119;3;1;2;418;195;223;2;-;2
Petrópolis/RJ;76 anos;1706;722;984;1184;492;692;161;66;95;4;4;-;356;160;196;1;-;1
Petrópolis/RJ;77 anos;1431;586;845;1039;415;624;117;55;62;2;1;1;270;114;156;3;1;2
Petrópolis/RJ;78 anos;1476;596;880;1060;427;633;121;50;71;2;2;-;292;117;175;1;-;1
Petrópolis/RJ;79 anos;1275;485;790;921;338;583;104;41;63;4;2;2;246;104;142;-;-;-
Petrópolis/RJ;80 a 84 anos;5116;1932;3184;3771;1373;2398;417;180;237;17;9;8;905;367;538;6;3;3
Petrópolis/RJ;80 anos;1361;543;818;998;381;617;118;58;60;1;1;-;242;103;139;2;-;2
Petrópolis/RJ;81 anos;1028;410;618;756;283;473;79;35;44;5;2;3;187;89;98;1;1;-
Petrópolis/RJ;82 anos;1046;356;690;760;251;509;88;39;49;4;1;3;192;64;128;2;1;1
Petrópolis/RJ;83 anos;871;316;555;653;240;413;61;21;40;3;1;2;153;53;100;1;1;-
Petrópolis/RJ;84 anos;810;307;503;604;218;386;71;27;44;4;4;-;131;58;73;-;-;-
Petrópolis/RJ;85 a 89 anos;2919;979;1940;2225;731;1494;234;72;162;5;1;4;452;174;278;3;1;2
Petrópolis/RJ;85 anos;754;277;477;581;207;374;66;23;43;1;-;1;105;46;59;1;1;-
Petrópolis/RJ;86 anos;728;247;481;548;180;368;52;13;39;2;1;1;125;53;72;1;-;1
Petrópolis/RJ;87 anos;571;187;384;443;142;301;45;18;27;-;-;-;83;27;56;-;-;-
Petrópolis/RJ;88 anos;473;143;330;359;112;247;40;9;31;1;-;1;72;22;50;1;-;1
Petrópolis/RJ;89 anos;393;125;268;294;90;204;31;9;22;1;-;1;67;26;41;-;-;-
Petrópolis/RJ;90 a 94 anos;1283;388;895;1000;284;716;96;34;62;-;-;-;187;70;117;-;-;-
Petrópolis/RJ;90 anos;380;112;268;300;83;217;25;5;20;-;-;-;55;24;31;-;-;-
Petrópolis/RJ;91 anos;316;93;223;241;66;175;28;11;17;-;-;-;47;16;31;-;-;-
Petrópolis/RJ;92 anos;255;90;165;202;65;137;20;11;9;-;-;-;33;14;19;-;-;-
Petrópolis/RJ;93 anos;190;50;140;146;39;107;17;5;12;-;-;-;27;6;21;-;-;-
Petrópolis/RJ;94 anos;142;43;99;111;31;80;6;2;4;-;-;-;25;10;15;-;-;-
Petrópolis/RJ;95 a 99 anos;329;73;256;267;57;210;18;5;13;-;-;-;44;11;33;-;-;-
Petrópolis/RJ;95 anos;122;29;93;101;23;78;5;2;3;-;-;-;16;4;12;-;-;-
Petrópolis/RJ;96 anos;88;22;66;72;18;54;6;1;5;-;-;-;10;3;7;-;-;-
Petrópolis/RJ;97 anos;54;9;45;45;8;37;3;-;3;-;-;-;6;1;5;-;-;-
Petrópolis/RJ;98 anos;37;9;28;27;4;23;3;2;1;-;-;-;7;3;4;-;-;-
Petrópolis/RJ;99 anos;28;4;24;22;4;18;1;-;1;-;-;-;5;-;5;-;-;-
Petrópolis/RJ;100 anos ou mais;58;11;47;37;8;29;10;1;9;-;-;-;11;2;9;-;-;-
Resende/RJ;Total;194575;93696;100879;91010;42789;48221;27234;13372;13862;454;228;226;75635;37186;38449;237;118;119
Resende/RJ;0 a 4 anos;11125;5646;5479;5700;2910;2790;1022;509;513;19;5;14;4372;2213;2159;12;9;3
Resende/RJ;Menos de 1 ano;2029;985;1044;1090;536;554;158;77;81;1;-;1;778;371;407;2;1;1
Resende/RJ;Menos de 1 mês;153;77;76;80;37;43;12;6;6;-;-;-;61;34;27;-;-;-
Resende/RJ;1 mês;151;70;81;81;42;39;10;2;8;-;-;-;60;26;34;-;-;-
Resende/RJ;2 meses;195;103;92;100;55;45;17;9;8;-;-;-;78;39;39;-;-;-
Resende/RJ;3 meses;184;101;83;107;61;46;10;5;5;-;-;-;67;35;32;-;-;-
Resende/RJ;4 meses;162;74;88;85;41;44;15;8;7;-;-;-;62;25;37;-;-;-
Resende/RJ;5 meses;179;85;94;91;43;48;14;7;7;1;-;1;73;35;38;-;-;-
Resende/RJ;6 meses;162;85;77;88;44;44;11;8;3;-;-;-;63;33;30;-;-;-
Resende/RJ;7 meses;169;72;97;91;41;50;8;3;5;-;-;-;70;28;42;-;-;-
Resende/RJ;8 meses;179;91;88;103;54;49;12;7;5;-;-;-;64;30;34;-;-;-
Resende/RJ;9 meses;151;72;79;84;41;43;10;3;7;-;-;-;57;28;29;-;-;-
Resende/RJ;10 meses;160;73;87;87;40;47;16;8;8;-;-;-;55;24;31;2;1;1
Resende/RJ;11 meses;184;82;102;93;37;56;23;11;12;-;-;-;68;34;34;-;-;-
Resende/RJ;1 ano;2041;1071;970;1067;549;518;177;102;75;4;2;2;789;415;374;4;3;1
Resende/RJ;2 anos;2207;1105;1102;1137;579;558;200;94;106;2;-;2;867;431;436;1;1;-
Resende/RJ;3 anos;2381;1231;1150;1154;582;572;247;128;119;5;1;4;973;518;455;2;2;-
Resende/RJ;4 anos;2467;1254;1213;1252;664;588;240;108;132;7;2;5;965;478;487;3;2;1
Resende/RJ;5 a 9 anos;12444;6278;6166;5890;2982;2908;1272;620;652;19;7;12;5257;2666;2591;6;3;3
Resende/RJ;5 anos;2261;1103;1158;1126;546;580;203;97;106;2;2;-;928;457;471;2;1;1
Resende/RJ;6 anos;2587;1326;1261;1245;632;613;261;130;131;6;2;4;1075;562;513;-;-;-
Resende/RJ;7 anos;2607;1271;1336;1193;600;593;302;134;168;2;-;2;1109;536;573;1;1;-
Resende/RJ;8 anos;2527;1287;1240;1199;615;584;247;116;131;4;2;2;1077;554;523;-;-;-
Resende/RJ;9 anos;2462;1291;1171;1127;589;538;259;143;116;5;1;4;1068;557;511;3;1;2
Resende/RJ;10 a 14 anos;12444;6344;6100;5575;2820;2755;1407;757;650;23;15;8;5429;2746;2683;10;6;4
Resende/RJ;10 anos;2520;1267;1253;1093;533;560;275;151;124;4;3;1;1146;580;566;2;-;2
Resende/RJ;11 anos;2487;1267;1220;1121;587;534;256;137;119;7;4;3;1102;538;564;1;1;-
Resende/RJ;12 anos;2450;1254;1196;1105;570;535;303;161;142;3;3;-;1038;519;519;1;1;-
Resende/RJ;13 anos;2576;1308;1268;1179;580;599;289;157;132;5;3;2;1101;567;534;2;1;1
Resende/RJ;14 anos;2411;1248;1163;1077;550;527;284;151;133;4;2;2;1042;542;500;4;3;1
Resende/RJ;15 a 19 anos;12513;6355;6158;5482;2747;2735;1794;908;886;19;8;11;5202;2686;2516;16;6;10
Resende/RJ;15 anos;2524;1285;1239;1113;572;541;337;176;161;3;1;2;1067;535;532;4;1;3
Resende/RJ;16 anos;2584;1315;1269;1151;580;571;351;176;175;7;3;4;1071;555;516;4;1;3
Resende/RJ;17 anos;2464;1244;1220;1109;560;549;359;172;187;3;1;2;991;510;481;2;1;1
Resende/RJ;18 anos;2475;1261;1214;1043;504;539;395;208;187;2;2;-;1030;545;485;5;2;3
Resende/RJ;19 anos;2466;1250;1216;1066;531;535;352;176;176;4;1;3;1043;541;502;1;1;-
Resende/RJ;20 a 24 anos;14125;7008;7117;6014;2941;3073;2196;1113;1083;22;8;14;5882;2940;2942;11;6;5
Resende/RJ;20 anos;2672;1378;1294;1147;564;583;403;205;198;4;-;4;1115;607;508;3;2;1
Resende/RJ;21 anos;2751;1336;1415;1134;538;596;434;224;210;3;-;3;1178;574;604;2;-;2
Resende/RJ;22 anos;2934;1493;1441;1264;643;621;438;220;218;2;1;1;1226;627;599;4;2;2
Resende/RJ;23 anos;2913;1456;1457;1235;602;633;481;261;220;2;-;2;1194;592;602;1;1;-
Resende/RJ;24 anos;2855;1345;1510;1234;594;640;440;203;237;11;7;4;1169;540;629;1;1;-
Resende/RJ;25 a 29 anos;14209;6888;7321;6109;2892;3217;2408;1200;1208;26;10;16;5648;2777;2871;18;9;9
Resende/RJ;25 anos;2920;1428;1492;1253;612;641;496;243;253;6;4;2;1159;566;593;6;3;3
Resende/RJ;26 anos;2770;1408;1362;1161;587;574;487;255;232;1;-;1;1119;566;553;2;-;2
Resende/RJ;27 anos;2957;1369;1588;1293;565;728;492;257;235;6;2;4;1162;544;618;4;1;3
Resende/RJ;28 anos;2921;1423;1498;1254;587;667;470;239;231;10;2;8;1185;593;592;2;2;-
Resende/RJ;29 anos;2641;1260;1381;1148;541;607;463;206;257;3;2;1;1023;508;515;4;3;1
Resende/RJ;30 a 34 anos;14387;6918;7469;6255;2912;3343;2250;1132;1118;29;15;14;5834;2849;2985;19;10;9
Resende/RJ;30 anos;2910;1411;1499;1269;594;675;466;239;227;3;1;2;1168;575;593;4;2;2
Resende/RJ;31 anos;2701;1287;1414;1146;546;600;411;207;204;9;5;4;1133;527;606;2;2;-
Resende/RJ;32 anos;2933;1406;1527;1272;589;683;433;211;222;5;4;1;1217;598;619;6;4;2
Resende/RJ;33 anos;2905;1384;1521;1252;571;681;479;251;228;7;4;3;1164;557;607;3;1;2
Resende/RJ;34 anos;2938;1430;1508;1316;612;704;461;224;237;5;1;4;1152;592;560;4;1;3
Resende/RJ;35 a 39 anos;15660;7614;8046;6991;3277;3714;2499;1266;1233;48;26;22;6105;3037;3068;16;7;9
Resende/RJ;35 anos;3207;1615;1592;1463;731;732;528;273;255;8;4;4;1205;604;601;3;3;-
Resende/RJ;36 anos;3109;1490;1619;1355;604;751;496;251;245;10;7;3;1244;627;617;4;1;3
Resende/RJ;37 anos;2923;1406;1517;1337;631;706;437;206;231;7;3;4;1140;565;575;2;1;1
Resende/RJ;38 anos;3109;1493;1616;1348;604;744;528;265;263;8;3;5;1223;620;603;2;1;1
Resende/RJ;39 anos;3312;1610;1702;1488;707;781;510;271;239;15;9;6;1293;621;672;5;1;4
Resende/RJ;40 a 44 anos;16183;7813;8370;7255;3359;3896;2485;1249;1236;51;28;23;6362;3158;3204;29;18;11
Resende/RJ;40 anos;3700;1761;1939;1658;760;898;579;276;303;10;6;4;1447;715;732;5;3;2
Resende/RJ;41 anos;3180;1492;1688;1411;639;772;472;230;242;8;5;3;1286;616;670;3;2;1
Resende/RJ;42 anos;3393;1649;1744;1522;713;809;514;274;240;13;6;7;1339;651;688;5;5;-
Resende/RJ;43 anos;2977;1485;1492;1348;636;712;453;234;219;12;6;6;1155;605;550;9;4;5
Resende/RJ;44 anos;2933;1426;1507;1316;611;705;467;235;232;8;5;3;1135;571;564;7;4;3
Resende/RJ;45 a 49 anos;13784;6638;7146;6277;2931;3346;2111;1054;1057;39;25;14;5343;2620;2723;13;7;6
Resende/RJ;45 anos;3111;1563;1548;1471;713;758;456;228;228;13;8;5;1169;613;556;1;-;1
Resende/RJ;46 anos;2775;1320;1455;1223;544;679;456;234;222;9;7;2;1083;533;550;4;2;2
Resende/RJ;47 anos;2652;1263;1389;1210;562;648;388;201;187;4;2;2;1048;498;550;2;-;2
Resende/RJ;48 anos;2624;1268;1356;1192;551;641;390;196;194;9;6;3;1030;512;518;3;3;-
Resende/RJ;49 anos;2622;1224;1398;1181;561;620;421;195;226;4;2;2;1013;464;549;3;2;1
Resende/RJ;50 a 54 anos;12909;6163;6746;6016;2767;3249;1969;962;1007;35;15;20;4869;2411;2458;20;8;12
Resende/RJ;50 anos;2850;1361;1489;1306;590;716;413;208;205;6;3;3;1122;559;563;3;1;2
Resende/RJ;51 anos;2616;1220;1396;1207;548;659;402;183;219;9;3;6;993;484;509;5;2;3
Resende/RJ;52 anos;2561;1218;1343;1183;539;644;417;213;204;7;3;4;953;462;491;1;1;-
Resende/RJ;53 anos;2516;1226;1290;1199;572;627;380;188;192;5;2;3;928;463;465;4;1;3
Resende/RJ;54 anos;2366;1138;1228;1121;518;603;357;170;187;8;4;4;873;443;430;7;3;4
Resende/RJ;55 a 59 anos;11982;5575;6407;5834;2619;3215;1652;793;859;29;17;12;4454;2140;2314;13;6;7
Resende/RJ;55 anos;2379;1123;1256;1125;528;597;348;176;172;3;3;-;902;416;486;1;-;1
Resende/RJ;56 anos;2469;1130;1339;1188;521;667;330;148;182;11;5;6;937;455;482;3;1;2
Resende/RJ;57 anos;2428;1147;1281;1188;535;653;325;166;159;5;3;2;904;440;464;6;3;3
Resende/RJ;58 anos;2421;1128;1293;1184;526;658;333;155;178;5;4;1;899;443;456;-;-;-
Resende/RJ;59 anos;2285;1047;1238;1149;509;640;316;148;168;5;2;3;812;386;426;3;2;1
Resende/RJ;60 a 64 anos;10588;4868;5720;5269;2396;2873;1465;656;809;22;9;13;3817;1802;2015;14;5;9
Resende/RJ;60 anos;2350;1084;1266;1162;529;633;338;148;190;5;2;3;842;403;439;2;2;-
Resende/RJ;61 anos;2062;932;1130;1020;449;571;263;127;136;2;1;1;775;355;420;2;-;2
Resende/RJ;62 anos;2204;1030;1174;1112;521;591;316;144;172;7;4;3;766;360;406;3;1;2
Resende/RJ;63 anos;2053;948;1105;1035;472;563;268;117;151;5;1;4;742;357;385;3;1;2
Resende/RJ;64 anos;1919;874;1045;940;425;515;280;120;160;3;1;2;692;327;365;4;1;3
Resende/RJ;65 a 69 anos;8269;3766;4503;4316;1936;2380;1068;497;571;20;11;9;2849;1315;1534;16;7;9
Resende/RJ;65 anos;1971;897;1074;1015;466;549;255;125;130;6;4;2;690;300;390;5;2;3
Resende/RJ;66 anos;1668;761;907;839;373;466;222;101;121;5;2;3;598;283;315;4;2;2
Resende/RJ;67 anos;1627;744;883;856;386;470;218;104;114;1;1;-;550;252;298;2;1;1
Resende/RJ;68 anos;1583;705;878;850;378;472;191;83;108;4;2;2;537;242;295;1;-;1
Resende/RJ;69 anos;1420;659;761;756;333;423;182;84;98;4;2;2;474;238;236;4;2;2
Resende/RJ;70 a 74 anos;5984;2610;3374;3358;1472;1886;708;298;410;22;12;10;1887;826;1061;8;2;6
Resende/RJ;70 anos;1384;585;799;793;335;458;168;67;101;3;2;1;419;181;238;1;-;1
Resende/RJ;71 anos;1222;570;652;680;320;360;152;78;74;8;4;4;380;168;212;2;-;2
Resende/RJ;72 anos;1264;558;706;687;310;377;149;56;93;5;2;3;420;189;231;3;1;2
Resende/RJ;73 anos;1100;476;624;624;257;367;131;60;71;2;1;1;342;157;185;1;1;-
Resende/RJ;74 anos;1014;421;593;574;250;324;108;37;71;4;3;1;326;131;195;1;-;1
Resende/RJ;75 a 79 anos;3723;1624;2099;2107;906;1201;450;183;267;10;6;4;1147;524;623;9;5;4
Resende/RJ;75 anos;888;398;490;495;217;278;123;56;67;4;2;2;265;122;143;1;1;-
Resende/RJ;76 anos;808;349;459;455;199;256;106;44;62;3;2;1;240;102;138;4;2;2
Resende/RJ;77 anos;735;318;417;413;172;241;75;29;46;2;1;1;242;115;127;3;1;2
Resende/RJ;78 anos;693;288;405;399;156;243;76;28;48;1;1;-;216;102;114;1;1;-
Resende/RJ;79 anos;599;271;328;345;162;183;70;26;44;-;-;-;184;83;101;-;-;-
Resende/RJ;80 a 84 anos;2321;943;1378;1362;550;812;246;97;149;14;8;6;695;285;410;4;3;1
Resende/RJ;80 anos;584;231;353;356;146;210;57;23;34;3;-;3;168;62;106;-;-;-
Resende/RJ;81 anos;511;208;303;302;122;180;50;21;29;2;2;-;155;61;94;2;2;-
Resende/RJ;82 anos;454;179;275;266;97;169;47;22;25;2;1;1;139;59;80;-;-;-
Resende/RJ;83 anos;408;176;232;227;98;129;55;17;38;1;1;-;123;59;64;2;1;1
Resende/RJ;84 anos;364;149;215;211;87;124;37;14;23;6;4;2;110;44;66;-;-;-
Resende/RJ;85 a 89 anos;1249;444;805;758;244;514;158;55;103;6;2;4;324;142;182;3;1;2
Resende/RJ;85 anos;339;132;207;208;69;139;39;19;20;4;1;3;86;42;44;2;1;1
Resende/RJ;86 anos;264;88;176;160;49;111;35;10;25;1;-;1;68;29;39;-;-;-
Resende/RJ;87 anos;274;91;183;158;48;110;43;15;28;-;-;-;72;28;44;1;-;1
Resende/RJ;88 anos;199;74;125;123;44;79;19;6;13;1;1;-;56;23;33;-;-;-
Resende/RJ;89 anos;173;59;114;109;34;75;22;5;17;-;-;-;42;20;22;-;-;-
Resende/RJ;90 a 94 anos;498;164;334;325;106;219;54;18;36;1;1;-;118;39;79;-;-;-
Resende/RJ;90 anos;144;47;97;90;31;59;17;6;11;1;1;-;36;9;27;-;-;-
Resende/RJ;91 anos;117;41;76;73;24;49;12;3;9;-;-;-;32;14;18;-;-;-
Resende/RJ;92 anos;86;25;61;58;17;41;10;3;7;-;-;-;18;5;13;-;-;-
Resende/RJ;93 anos;77;26;51;51;19;32;12;5;7;-;-;-;14;2;12;-;-;-
Resende/RJ;94 anos;74;25;49;53;15;38;3;1;2;-;-;-;18;9;9;-;-;-
Resende/RJ;95 a 99 anos;149;34;115;94;19;75;16;5;11;-;-;-;39;10;29;-;-;-
Resende/RJ;95 anos;47;14;33;34;10;24;3;-;3;-;-;-;10;4;6;-;-;-
Resende/RJ;96 anos;39;7;32;25;4;21;3;2;1;-;-;-;11;1;10;-;-;-
Resende/RJ;97 anos;30;7;23;17;3;14;4;1;3;-;-;-;9;3;6;-;-;-
Resende/RJ;98 anos;22;4;18;11;1;10;5;2;3;-;-;-;6;1;5;-;-;-
Resende/RJ;99 anos;11;2;9;7;1;6;1;-;1;-;-;-;3;1;2;-;-;-
Resende/RJ;100 anos ou mais;29;3;26;23;3;20;4;-;4;-;-;-;2;-;2;-;-;-
Rio de Janeiro/RJ;Total;11760550;5518197;6242353;4748580;2153865;2594715;1946523;926373;1020150;16284;7346;8938;5037544;2425479;2612065;11227;4959;6268
Rio de Janeiro/RJ;0 a 4 anos;627644;317388;310256;265283;133789;131494;78819;40041;38778;609;299;310;282642;143112;139530;272;139;133
Rio de Janeiro/RJ;Menos de 1 ano;109661;55394;54267;49801;25089;24712;12444;6317;6127;98;54;44;47279;23915;23364;38;18;20
Rio de Janeiro/RJ;Menos de 1 mês;7885;4005;3880;3679;1811;1868;823;405;418;5;3;2;3374;1784;1590;4;2;2
Rio de Janeiro/RJ;1 mês;8381;4282;4099;3727;1854;1873;914;482;432;6;2;4;3731;1941;1790;3;3;-
Rio de Janeiro/RJ;2 meses;9283;4639;4644;4197;2134;2063;1001;483;518;11;5;6;4072;2016;2056;2;1;1
Rio de Janeiro/RJ;3 meses;9144;4667;4477;4227;2119;2108;1047;554;493;9;4;5;3860;1990;1870;1;-;1
Rio de Janeiro/RJ;4 meses;9521;4762;4759;4394;2189;2205;1058;536;522;8;6;2;4058;2028;2030;3;3;-
Rio de Janeiro/RJ;5 meses;8902;4518;4384;4111;2101;2010;1011;504;507;5;3;2;3773;1908;1865;2;2;-
Rio de Janeiro/RJ;6 meses;9413;4742;4671;4272;2193;2079;1065;530;535;10;4;6;4062;2015;2047;4;-;4
Rio de Janeiro/RJ;7 meses;9728;4916;4812;4350;2197;2153;1139;559;580;11;8;3;4225;2150;2075;3;2;1
Rio de Janeiro/RJ;8 meses;9527;4690;4837;4315;2170;2145;1099;547;552;6;4;2;4103;1967;2136;4;2;2
Rio de Janeiro/RJ;9 meses;9393;4775;4618;4154;2098;2056;1121;571;550;4;2;2;4109;2103;2006;4;-;4
Rio de Janeiro/RJ;10 meses;9199;4690;4509;4222;2121;2101;1020;540;480;13;10;3;3939;2018;1921;5;1;4
Rio de Janeiro/RJ;11 meses;9285;4708;4577;4153;2102;2051;1146;606;540;10;3;7;3973;1995;1978;3;2;1
Rio de Janeiro/RJ;1 ano;112319;56729;55590;48941;24638;24303;13616;6982;6634;123;62;61;49581;25022;24559;53;23;30
Rio de Janeiro/RJ;2 anos;128444;65030;63414;54108;27397;26711;16285;8171;8114;139;73;66;57869;29364;28505;41;24;17
Rio de Janeiro/RJ;3 anos;135755;68438;67317;55599;27943;27656;17640;8923;8717;142;63;79;62297;31472;30825;73;34;39
Rio de Janeiro/RJ;4 anos;141465;71797;69668;56834;28722;28112;18834;9648;9186;107;47;60;65616;33339;32277;67;40;27
Rio de Janeiro/RJ;5 a 9 anos;738510;376434;362076;277579;140788;136791;104402;53265;51137;763;421;342;355359;181752;173607;391;198;193
Rio de Janeiro/RJ;5 anos;140161;71038;69123;54220;27342;26878;19331;9756;9575;137;70;67;66398;33836;32562;73;32;41
Rio de Janeiro/RJ;6 anos;149457;76301;73156;57211;29127;28084;20751;10584;10167;150;82;68;71283;36471;34812;60;35;25
Rio de Janeiro/RJ;7 anos;152317;77255;75062;57233;28674;28559;21313;10884;10429;161;92;69;73525;37559;35966;82;44;38
Rio de Janeiro/RJ;8 anos;148211;75868;72343;54659;28071;26588;21461;10956;10505;161;86;75;71847;36719;35128;82;35;47
Rio de Janeiro/RJ;9 anos;148364;75972;72392;54256;27574;26682;21546;11085;10461;154;91;63;72306;37167;35139;94;52;42
Rio de Janeiro/RJ;10 a 14 anos;696742;356821;339921;251954;127455;124499;105017;54550;50467;787;397;390;338540;174167;164373;424;244;180
Rio de Janeiro/RJ;10 anos;139430;71843;67587;51146;26189;24957;20373;10600;9773;150;80;70;67693;34940;32753;65;33;32
Rio de Janeiro/RJ;11 anos;138464;70855;67609;50626;25641;24985;20544;10674;9870;130;77;53;67071;34409;32662;87;52;35
Rio de Janeiro/RJ;12 anos;143796;73419;70377;51879;26276;25603;21396;11094;10302;170;90;80;70259;35910;34349;91;48;43
Rio de Janeiro/RJ;13 anos;139872;71272;68600;49663;24802;24861;21588;11207;10381;157;72;85;68374;35141;33233;85;47;38
Rio de Janeiro/RJ;14 anos;135180;69432;65748;48640;24547;24093;21116;10975;10141;180;78;102;65143;33767;31376;96;64;32
Rio de Janeiro/RJ;15 a 19 anos;733557;372436;361121;263484;130407;133077;126930;64968;61962;782;362;420;341850;176437;165413;495;254;241
Rio de Janeiro/RJ;15 anos;142250;72222;70028;51084;25246;25838;22924;11752;11172;119;58;61;68036;35120;32916;86;45;41
Rio de Janeiro/RJ;16 anos;143553;73104;70449;51559;25678;25881;24018;12418;11600;148;71;77;67746;34893;32853;79;43;36
Rio de Janeiro/RJ;17 anos;147305;74952;72353;52795;26372;26423;25493;12999;12494;147;68;79;68772;35463;33309;95;47;48
Rio de Janeiro/RJ;18 anos;152589;77436;75153;54870;26991;27879;27425;14058;13367;190;86;104;69978;36237;33741;121;64;57
Rio de Janeiro/RJ;19 anos;147860;74722;73138;53176;26120;27056;27070;13741;13329;178;79;99;67318;34724;32594;114;55;59
Rio de Janeiro/RJ;20 a 24 anos;847232;420208;427024;309018;149343;159675;158922;80437;78485;1029;441;588;377618;189672;187946;624;304;320
Rio de Janeiro/RJ;20 anos;154491;76988;77503;55861;26944;28917;28486;14418;14068;182;81;101;69852;35485;34367;105;58;47
Rio de Janeiro/RJ;21 anos;161615;80303;81312;59157;28721;30436;30135;15249;14886;181;74;107;72026;36203;35823;111;54;57
Rio de Janeiro/RJ;22 anos;185677;92372;93305;67527;32510;35017;34909;17712;17197;224;92;132;82872;41996;40876;141;61;80
Rio de Janeiro/RJ;23 anos;174955;86262;88693;63616;30688;32928;32869;16561;16308;209;92;117;78114;38852;39262;144;66;78
Rio de Janeiro/RJ;24 anos;170494;84283;86211;62857;30480;32377;32523;16497;16026;233;102;131;74754;37136;37618;123;65;58
Rio de Janeiro/RJ;25 a 29 anos;861607;415587;446020;316795;149611;167184;164869;81743;83126;1128;456;672;377942;183345;194597;840;414;426
Rio de Janeiro/RJ;25 anos;181870;88544;93326;67155;31750;35405;34335;17168;17167;235;86;149;79967;39457;40510;172;80;92
Rio de Janeiro/RJ;26 anos;172192;83065;89127;63727;30178;33549;32722;16211;16511;229;94;135;75326;36487;38839;178;91;87
Rio de Janeiro/RJ;27 anos;174023;83941;90082;63529;30031;33498;33566;16541;17025;214;95;119;76553;37183;39370;155;88;67
Rio de Janeiro/RJ;28 anos;171964;82890;89074;62845;29621;33224;33235;16568;16667;229;98;131;75499;36530;38969;151;69;82
Rio de Janeiro/RJ;29 anos;161558;77147;84411;59539;28031;31508;31011;15255;15756;221;83;138;70597;33688;36909;184;86;98
Rio de Janeiro/RJ;30 a 34 anos;860649;410458;450191;324557;150822;173735;159363;78854;80509;1328;592;736;374491;179773;194718;877;401;476
Rio de Janeiro/RJ;30 anos;183783;88477;95306;68364;32152;36212;33892;17080;16812;257;114;143;81085;39046;42039;177;82;95
Rio de Janeiro/RJ;31 anos;156966;75039;81927;59836;27936;31900;29383;14522;14861;269;119;150;67297;32381;34916;174;78;96
Rio de Janeiro/RJ;32 anos;180079;85561;94518;67535;31335;36200;32966;16297;16669;277;132;145;79107;37710;41397;190;85;105
Rio de Janeiro/RJ;33 anos;172661;82107;90554;65181;30057;35124;32029;15773;16256;266;119;147;75026;36082;38944;155;74;81
Rio de Janeiro/RJ;34 anos;167160;79274;87886;63641;29342;34299;31093;15182;15911;259;108;151;71976;34554;37422;181;82;99
Rio de Janeiro/RJ;35 a 39 anos;892793;420254;472539;341510;155643;185867;161235;78237;82998;1527;713;814;387529;185206;202323;949;431;518
Rio de Janeiro/RJ;35 anos;183592;87080;96512;69640;32046;37594;32913;16188;16725;307;142;165;80541;38613;41928;181;85;96
Rio de Janeiro/RJ;36 anos;178033;83455;94578;67973;30884;37089;32399;15746;16653;297;136;161;77175;36613;40562;186;76;110
Rio de Janeiro/RJ;37 anos;170448;79960;90488;65685;29849;35836;31028;14987;16041;277;131;146;73260;34911;38349;188;78;110
Rio de Janeiro/RJ;38 anos;178836;84434;94402;68233;30987;37246;32126;15659;16467;305;155;150;77958;37523;40435;200;100;100
Rio de Janeiro/RJ;39 anos;181884;85325;96559;69979;31877;38102;32769;15657;17112;341;149;192;78595;37546;41049;194;92;102
Rio de Janeiro/RJ;40 a 44 anos;950365;448281;502084;368875;166873;202002;168581;81943;86638;1567;668;899;410300;198311;211989;1011;474;537
Rio de Janeiro/RJ;40 anos;218357;103866;114491;84203;38589;45614;38345;18950;19395;333;138;195;95253;46093;49160;217;94;123
Rio de Janeiro/RJ;41 anos;183445;86996;96449;71917;32982;38935;32756;15867;16889;287;127;160;78274;37907;40367;207;112;95
Rio de Janeiro/RJ;42 anos;204794;96737;108057;79049;35621;43428;36421;17876;18545;319;137;182;88815;43022;45793;185;79;106
Rio de Janeiro/RJ;43 anos;179208;83728;95480;69499;31007;38492;31869;15270;16599;331;147;184;77293;37204;40089;208;99;109
Rio de Janeiro/RJ;44 anos;164561;76954;87607;64207;28674;35533;29190;13980;15210;297;119;178;70665;34085;36580;194;90;104
Rio de Janeiro/RJ;45 a 49 anos;815109;379778;435331;319648;142509;177139;141367;67340;74027;1221;535;686;351989;168992;182997;860;393;467
Rio de Janeiro/RJ;45 anos;182274;86269;96005;70224;31806;38418;31710;15386;16324;261;105;156;79894;38892;41002;180;79;101
Rio de Janeiro/RJ;46 anos;161816;75275;86541;63310;28191;35119;28482;13495;14987;256;115;141;69592;33384;36208;172;88;84
Rio de Janeiro/RJ;47 anos;157261;73046;84215;62327;27723;34604;27105;12922;14183;253;121;132;67410;32208;35202;163;71;92
Rio de Janeiro/RJ;48 anos;157528;73252;84276;62059;27398;34661;27099;13000;14099;239;109;130;67948;32657;35291;174;85;89
Rio de Janeiro/RJ;49 anos;156230;71936;84294;61728;27391;34337;26971;12537;14434;212;85;127;67145;31851;35294;171;70;101
Rio de Janeiro/RJ;50 a 54 anos;778571;360233;418338;312111;138520;173591;132190;62267;69923;1091;477;614;332305;158593;173712;849;364;485
Rio de Janeiro/RJ;50 anos;178779;83999;94780;70094;31480;38614;30840;14889;15951;252;110;142;77397;37429;39968;189;88;101
Rio de Janeiro/RJ;51 anos;150826;69734;81092;61407;27216;34191;25474;12024;13450;250;101;149;63548;30332;33216;144;59;85
Rio de Janeiro/RJ;52 anos;160028;74139;85889;63634;28222;35412;27494;12987;14507;210;84;126;68509;32766;35743;174;79;95
Rio de Janeiro/RJ;53 anos;147476;67720;79756;59480;26309;33171;24896;11509;13387;193;87;106;62730;29739;32991;171;72;99
Rio de Janeiro/RJ;54 anos;141462;64641;76821;57496;25293;32203;23486;10858;12628;186;95;91;60121;28327;31794;171;66;105
Rio de Janeiro/RJ;55 a 59 anos;734044;332879;401165;311427;137275;174152;118134;53538;64596;931;432;499;302716;141279;161437;815;344;471
Rio de Janeiro/RJ;55 anos;148727;68112;80615;61217;27027;34190;24187;11232;12955;174;87;87;62994;29707;33287;148;55;93
Rio de Janeiro/RJ;56 anos;148427;67707;80720;62208;27583;34625;24260;11084;13176;217;96;121;61582;28868;32714;158;76;82
Rio de Janeiro/RJ;57 anos;145806;66191;79615;62058;27383;34675;23622;10688;12934;181;82;99;59760;27953;31807;179;80;99
Rio de Janeiro/RJ;58 anos;150467;67918;82549;64569;28416;36153;23861;10734;13127;190;94;96;61675;28610;33065;169;63;106
Rio de Janeiro/RJ;59 anos;140617;62951;77666;61375;26866;34509;22204;9800;12404;169;73;96;56705;26141;30564;161;70;91
Rio de Janeiro/RJ;60 a 64 anos;672207;297158;375049;294263;126770;167493;106136;46109;60027;788;356;432;270212;123597;146615;787;318;469
Rio de Janeiro/RJ;60 anos;152273;68461;83812;65239;28390;36849;24119;10743;13376;192;89;103;62541;29166;33375;176;70;106
Rio de Janeiro/RJ;61 anos;129885;57561;72324;57319;24884;32435;20344;8991;11353;138;56;82;51949;23573;28376;133;56;77
Rio de Janeiro/RJ;62 anos;139259;61527;77732;60882;26269;34613;22227;9546;12681;140;70;70;55851;25569;30282;154;71;83
Rio de Janeiro/RJ;63 anos;128941;56597;72344;56383;24182;32201;20444;8720;11724;161;59;102;51779;23566;28213;170;70;100
Rio de Janeiro/RJ;64 anos;121849;53012;68837;54440;23045;31395;19002;8109;10893;157;82;75;48092;21723;26369;154;51;103
Rio de Janeiro/RJ;65 a 69 anos;554507;235596;318911;254071;105598;148473;86627;35532;51095;750;329;421;212316;93859;118457;728;275;453
Rio de Janeiro/RJ;65 anos;131310;56710;74600;58166;24645;33521;20774;8694;12080;163;66;97;52032;23238;28794;174;67;107
Rio de Janeiro/RJ;66 anos;113102;48043;65059;51424;21390;30034;17614;7288;10326;148;75;73;43774;19248;24526;142;42;100
Rio de Janeiro/RJ;67 anos;108044;45742;62302;49680;20570;29110;17029;6956;10073;141;63;78;41030;18086;22944;159;65;94
Rio de Janeiro/RJ;68 anos;106071;44853;61218;49280;20321;28959;16518;6735;9783;157;61;96;39973;17685;22288;139;50;89
Rio de Janeiro/RJ;69 anos;95980;40248;55732;45521;18672;26849;14692;5859;8833;141;64;77;35507;15602;19905;114;51;63
Rio de Janeiro/RJ;70 a 74 anos;411981;169293;242688;204713;82727;121986;60375;23641;36734;794;331;463;145551;62408;83143;533;180;353
Rio de Janeiro/RJ;70 anos;100752;42194;58558;47998;19708;28290;15327;6095;9232;190;76;114;37104;16263;20841;130;51;79
Rio de Janeiro/RJ;71 anos;83497;34711;48786;41194;16861;24333;12431;4983;7448;153;57;96;29600;12768;16832;117;41;76
Rio de Janeiro/RJ;72 anos;86897;35644;51253;42847;17192;25655;12813;5084;7729;169;74;95;30962;13258;17704;103;35;68
Rio de Janeiro/RJ;73 anos;73174;29623;43551;37508;15047;22461;10283;3936;6347;143;56;87;25132;10551;14581;106;31;75
Rio de Janeiro/RJ;74 anos;67661;27121;40540;35166;13919;21247;9521;3543;5978;139;68;71;22753;9568;13185;77;22;55
Rio de Janeiro/RJ;75 a 79 anos;260209;100061;160148;140014;53429;86585;34860;12457;22403;508;233;275;84456;33830;50626;357;108;249
Rio de Janeiro/RJ;75 anos;64349;25173;39176;33860;13092;20768;8616;3109;5507;134;63;71;21663;8886;12777;75;23;52
Rio de Janeiro/RJ;76 anos;56247;21895;34352;29921;11608;18313;7632;2819;4813;101;38;63;18508;7403;11105;80;26;54
Rio de Janeiro/RJ;77 anos;49879;19218;30661;27160;10378;16782;6707;2427;4280;89;43;46;15851;6351;9500;70;18;52
Rio de Janeiro/RJ;78 anos;47457;18061;29396;25810;9780;16030;6407;2240;4167;107;51;56;15055;5967;9088;74;22;52
Rio de Janeiro/RJ;79 anos;42277;15714;26563;23263;8571;14692;5498;1862;3636;77;38;39;13379;5223;8156;58;19;39
Rio de Janeiro/RJ;80 a 84 anos;170389;60524;109865;97326;34581;62745;21159;6885;14274;384;183;201;51284;18799;32485;223;72;151
Rio de Janeiro/RJ;80 anos;42469;15541;26928;23641;8615;15026;5508;1889;3619;94;48;46;13176;4978;8198;49;10;39
Rio de Janeiro/RJ;81 anos;34563;12672;21891;19845;7283;12562;4283;1377;2906;84;39;45;10302;3958;6344;48;15;33
Rio de Janeiro/RJ;82 anos;35315;12459;22856;19924;7039;12885;4482;1476;3006;78;40;38;10782;3884;6898;45;20;25
Rio de Janeiro/RJ;83 anos;30296;10495;19801;17676;6140;11536;3577;1135;2442;79;35;44;8919;3170;5749;41;13;28
Rio de Janeiro/RJ;84 anos;27746;9357;18389;16240;5504;10736;3309;1008;2301;49;21;28;8105;2809;5296;40;14;26
Rio de Janeiro/RJ;85 a 89 anos;96329;30175;66154;58620;18505;40115;11133;3082;8051;204;85;119;26254;8472;17782;109;29;80
Rio de Janeiro/RJ;85 anos;24275;8010;16265;14462;4790;9672;2907;852;2055;57;26;31;6815;2334;4481;33;8;25
Rio de Janeiro/RJ;86 anos;22878;7313;15565;13744;4470;9274;2642;737;1905;52;17;35;6412;2081;4331;25;6;19
Rio de Janeiro/RJ;87 anos;19316;6010;13306;11728;3666;8062;2200;598;1602;37;18;19;5325;1721;3604;25;7;18
Rio de Janeiro/RJ;88 anos;15925;4867;11058;9975;3086;6889;1750;474;1276;37;20;17;4143;1281;2862;19;6;13
Rio de Janeiro/RJ;89 anos;13935;3975;9960;8711;2493;6218;1634;421;1213;21;4;17;3559;1055;2504;7;2;5
Rio de Janeiro/RJ;90 a 94 anos;44001;11657;32344;28133;7346;20787;4760;1152;3608;76;30;46;10963;3116;7847;68;13;55
Rio de Janeiro/RJ;90 anos;12597;3590;9007;7742;2202;5540;1480;372;1108;29;8;21;3325;1005;2320;21;3;18
Rio de Janeiro/RJ;91 anos;10088;2735;7353;6601;1740;4861;992;261;731;17;11;6;2466;721;1745;12;2;10
Rio de Janeiro/RJ;92 anos;9132;2306;6826;5778;1426;4352;994;224;770;13;5;8;2334;650;1684;13;1;12
Rio de Janeiro/RJ;93 anos;6775;1702;5073;4430;1114;3316;731;168;563;7;3;4;1595;413;1182;11;4;7
Rio de Janeiro/RJ;94 anos;5409;1324;4085;3582;864;2718;563;127;436;10;3;7;1243;327;916;11;3;8
Rio de Janeiro/RJ;95 a 99 anos;12075;2639;9436;7932;1675;6257;1365;291;1074;16;6;10;2748;662;2086;13;4;9
Rio de Janeiro/RJ;95 anos;4036;929;3107;2697;596;2101;415;92;323;3;1;2;918;239;679;3;1;2
Rio de Janeiro/RJ;96 anos;3089;706;2383;2052;458;1594;351;78;273;3;1;2;679;167;512;3;1;2
Rio de Janeiro/RJ;97 anos;2155;463;1692;1406;292;1114;249;56;193;3;2;1;495;112;383;2;1;1
Rio de Janeiro/RJ;98 anos;1689;323;1366;1094;207;887;208;34;174;4;1;3;382;81;301;1;-;1
Rio de Janeiro/RJ;99 anos;1106;218;888;683;122;561;142;31;111;3;1;2;274;63;211;4;1;3
Rio de Janeiro/RJ;100 anos ou mais;2029;337;1692;1267;199;1068;279;41;238;1;-;1;479;97;382;2;-;2
Três Rios - Paraíba do Sul/RJ;Total;135697;64241;71456;54059;25029;29030;27629;13186;14443;146;77;69;53800;25916;27884;55;27;28
Três Rios - Paraíba do Sul/RJ;0 a 4 anos;7831;3936;3895;3081;1551;1530;1232;616;616;5;3;2;3511;1765;1746;2;1;1
Três Rios - Paraíba do Sul/RJ;Menos de 1 ano;1436;702;734;577;280;297;230;114;116;2;1;1;627;307;320;-;-;-
Três Rios - Paraíba do Sul/RJ;Menos de 1 mês;107;50;57;43;18;25;19;10;9;-;-;-;45;22;23;-;-;-
Três Rios - Paraíba do Sul/RJ;1 mês;114;58;56;44;15;29;22;13;9;1;1;-;47;29;18;-;-;-
Três Rios - Paraíba do Sul/RJ;2 meses;115;45;70;42;18;24;15;7;8;-;-;-;58;20;38;-;-;-
Três Rios - Paraíba do Sul/RJ;3 meses;123;68;55;54;32;22;23;9;14;1;-;1;45;27;18;-;-;-
Três Rios - Paraíba do Sul/RJ;4 meses;143;62;81;51;22;29;27;11;16;-;-;-;65;29;36;-;-;-
Três Rios - Paraíba do Sul/RJ;5 meses;113;57;56;52;23;29;16;9;7;-;-;-;45;25;20;-;-;-
Três Rios - Paraíba do Sul/RJ;6 meses;119;61;58;49;27;22;22;12;10;-;-;-;48;22;26;-;-;-
Três Rios - Paraíba do Sul/RJ;7 meses;130;66;64;64;35;29;20;11;9;-;-;-;46;20;26;-;-;-
Três Rios - Paraíba do Sul/RJ;8 meses;122;67;55;46;22;24;17;10;7;-;-;-;59;35;24;-;-;-
Três Rios - Paraíba do Sul/RJ;9 meses;114;60;54;48;29;19;20;10;10;-;-;-;46;21;25;-;-;-
Três Rios - Paraíba do Sul/RJ;10 meses;109;43;66;34;15;19;11;4;7;-;-;-;64;24;40;-;-;-
Três Rios - Paraíba do Sul/RJ;11 meses;127;65;62;50;24;26;18;8;10;-;-;-;59;33;26;-;-;-
Três Rios - Paraíba do Sul/RJ;1 ano;1393;694;699;546;268;278;226;118;108;1;1;-;619;307;312;1;-;1
Três Rios - Paraíba do Sul/RJ;2 anos;1568;821;747;620;329;291;231;120;111;1;-;1;716;372;344;-;-;-
Três Rios - Paraíba do Sul/RJ;3 anos;1730;828;902;682;324;358;243;116;127;1;1;-;804;387;417;-;-;-
Três Rios - Paraíba do Sul/RJ;4 anos;1704;891;813;656;350;306;302;148;154;-;-;-;745;392;353;1;1;-
Três Rios - Paraíba do Sul/RJ;5 a 9 anos;8991;4553;4438;3324;1654;1670;1612;826;786;8;4;4;4041;2065;1976;5;3;2
Três Rios - Paraíba do Sul/RJ;5 anos;1699;822;877;644;300;344;281;129;152;1;1;-;771;390;381;2;2;-
Três Rios - Paraíba do Sul/RJ;6 anos;1815;936;879;668;324;344;324;166;158;1;-;1;820;444;376;1;1;-
Três Rios - Paraíba do Sul/RJ;7 anos;1854;971;883;715;356;359;306;164;142;1;1;-;831;450;381;1;-;1
Três Rios - Paraíba do Sul/RJ;8 anos;1829;926;903;656;344;312;369;190;179;4;1;3;800;391;409;-;-;-
Três Rios - Paraíba do Sul/RJ;9 anos;1794;898;896;641;330;311;332;177;155;1;1;-;819;390;429;1;-;1
Três Rios - Paraíba do Sul/RJ;10 a 14 anos;8787;4456;4331;3098;1549;1549;1678;858;820;4;2;2;4005;2047;1958;2;-;2
Três Rios - Paraíba do Sul/RJ;10 anos;1675;821;854;605;275;330;310;152;158;-;-;-;760;394;366;-;-;-
Três Rios - Paraíba do Sul/RJ;11 anos;1836;946;890;626;321;305;345;180;165;3;1;2;861;444;417;1;-;1
Três Rios - Paraíba do Sul/RJ;12 anos;1786;914;872;644;358;286;347;182;165;-;-;-;795;374;421;-;-;-
Três Rios - Paraíba do Sul/RJ;13 anos;1772;876;896;607;283;324;344;171;173;-;-;-;821;422;399;-;-;-
Três Rios - Paraíba do Sul/RJ;14 anos;1718;899;819;616;312;304;332;173;159;1;1;-;768;413;355;1;-;1
Três Rios - Paraíba do Sul/RJ;15 a 19 anos;8834;4468;4366;2990;1466;1524;1879;944;935;12;5;7;3948;2049;1899;5;4;1
Três Rios - Paraíba do Sul/RJ;15 anos;1764;856;908;619;286;333;326;152;174;-;-;-;819;418;401;-;-;-
Três Rios - Paraíba do Sul/RJ;16 anos;1772;898;874;606;301;305;361;181;180;1;1;-;804;415;389;-;-;-
Três Rios - Paraíba do Sul/RJ;17 anos;1801;915;886;597;276;321;404;200;204;6;1;5;794;438;356;-;-;-
Três Rios - Paraíba do Sul/RJ;18 anos;1793;935;858;595;308;287;385;209;176;2;1;1;809;415;394;2;2;-
Três Rios - Paraíba do Sul/RJ;19 anos;1704;864;840;573;295;278;403;202;201;3;2;1;722;363;359;3;2;1
Três Rios - Paraíba do Sul/RJ;20 a 24 anos;9498;4657;4841;3379;1628;1751;2130;1025;1105;10;5;5;3977;1997;1980;2;2;-
Três Rios - Paraíba do Sul/RJ;20 anos;1764;878;886;605;288;317;366;190;176;4;2;2;789;398;391;-;-;-
Três Rios - Paraíba do Sul/RJ;21 anos;1824;920;904;662;337;325;412;199;213;2;1;1;747;382;365;1;1;-
Três Rios - Paraíba do Sul/RJ;22 anos;2089;1021;1068;743;352;391;459;219;240;1;1;-;885;448;437;1;1;-
Três Rios - Paraíba do Sul/RJ;23 anos;1940;926;1014;684;319;365;443;207;236;1;-;1;812;400;412;-;-;-
Três Rios - Paraíba do Sul/RJ;24 anos;1881;912;969;685;332;353;450;210;240;2;1;1;744;369;375;-;-;-
Três Rios - Paraíba do Sul/RJ;25 a 29 anos;9606;4599;5007;3442;1629;1813;2256;1110;1146;12;4;8;3886;1852;2034;10;4;6
Três Rios - Paraíba do Sul/RJ;25 anos;2095;1034;1061;778;379;399;473;233;240;3;1;2;841;421;420;-;-;-
Três Rios - Paraíba do Sul/RJ;26 anos;1951;915;1036;675;298;377;479;224;255;4;1;3;791;390;401;2;2;-
Três Rios - Paraíba do Sul/RJ;27 anos;1852;900;952;648;300;348;459;245;214;-;-;-;743;355;388;2;-;2
Três Rios - Paraíba do Sul/RJ;28 anos;1892;920;972;670;333;337;439;224;215;3;1;2;778;362;416;2;-;2
Três Rios - Paraíba do Sul/RJ;29 anos;1816;830;986;671;319;352;406;184;222;2;1;1;733;324;409;4;2;2
Três Rios - Paraíba do Sul/RJ;30 a 34 anos;9317;4380;4937;3363;1556;1807;2119;1015;1104;16;9;7;3816;1800;2016;3;-;3
Três Rios - Paraíba do Sul/RJ;30 anos;1925;935;990;726;346;380;443;229;214;3;1;2;753;359;394;-;-;-
Três Rios - Paraíba do Sul/RJ;31 anos;1712;833;879;611;303;308;373;183;190;1;-;1;727;347;380;-;-;-
Três Rios - Paraíba do Sul/RJ;32 anos;1887;878;1009;641;280;361;432;210;222;6;4;2;807;384;423;1;-;1
Três Rios - Paraíba do Sul/RJ;33 anos;1969;894;1075;721;317;404;446;205;241;3;2;1;799;370;429;-;-;-
Três Rios - Paraíba do Sul/RJ;34 anos;1824;840;984;664;310;354;425;188;237;3;2;1;730;340;390;2;-;2
Três Rios - Paraíba do Sul/RJ;35 a 39 anos;9507;4448;5059;3707;1687;2020;2085;997;1088;9;3;6;3699;1757;1942;5;3;2
Três Rios - Paraíba do Sul/RJ;35 anos;1976;908;1068;748;331;417;422;210;212;-;-;-;805;366;439;-;-;-
Três Rios - Paraíba do Sul/RJ;36 anos;1940;913;1027;727;349;378;437;199;238;1;-;1;774;365;409;1;-;1
Três Rios - Paraíba do Sul/RJ;37 anos;1785;830;955;697;318;379;404;190;214;-;-;-;681;320;361;3;2;1
Três Rios - Paraíba do Sul/RJ;38 anos;1886;877;1009;732;320;412;407;203;204;4;1;3;741;352;389;1;1;-
Três Rios - Paraíba do Sul/RJ;39 anos;1920;920;1000;803;369;434;415;195;220;4;2;2;698;354;344;-;-;-
Três Rios - Paraíba do Sul/RJ;40 a 44 anos;10186;4834;5352;3928;1856;2072;2239;1070;1169;16;9;7;3998;1895;2103;2;1;1
Três Rios - Paraíba do Sul/RJ;40 anos;2279;1034;1245;876;407;469;536;236;300;3;2;1;864;389;475;-;-;-
Três Rios - Paraíba do Sul/RJ;41 anos;1930;922;1008;744;357;387;417;205;212;1;-;1;765;358;407;1;-;1
Três Rios - Paraíba do Sul/RJ;42 anos;2231;1119;1112;868;422;446;470;239;231;4;3;1;888;454;434;-;-;-
Três Rios - Paraíba do Sul/RJ;43 anos;1914;936;978;737;366;371;424;212;212;6;3;3;747;355;392;-;-;-
Três Rios - Paraíba do Sul/RJ;44 anos;1832;823;1009;703;304;399;392;178;214;2;1;1;734;339;395;1;1;-
Três Rios - Paraíba do Sul/RJ;45 a 49 anos;8945;4093;4852;3544;1567;1977;1978;895;1083;7;4;3;3415;1627;1788;1;-;1
Três Rios - Paraíba do Sul/RJ;45 anos;2061;941;1120;790;352;438;476;218;258;-;-;-;794;371;423;1;-;1
Três Rios - Paraíba do Sul/RJ;46 anos;1790;809;981;717;321;396;356;158;198;2;2;-;715;328;387;-;-;-
Três Rios - Paraíba do Sul/RJ;47 anos;1673;774;899;660;283;377;374;176;198;1;-;1;638;315;323;-;-;-
Três Rios - Paraíba do Sul/RJ;48 anos;1677;785;892;650;292;358;386;176;210;3;2;1;638;315;323;-;-;-
Três Rios - Paraíba do Sul/RJ;49 anos;1744;784;960;727;319;408;386;167;219;1;-;1;630;298;332;-;-;-
Três Rios - Paraíba do Sul/RJ;50 a 54 anos;9103;4297;4806;3665;1679;1986;1940;947;993;7;4;3;3487;1665;1822;4;2;2
Três Rios - Paraíba do Sul/RJ;50 anos;1969;956;1013;804;379;425;421;207;214;3;2;1;741;368;373;-;-;-
Três Rios - Paraíba do Sul/RJ;51 anos;1775;833;942;716;329;387;384;187;197;1;-;1;673;316;357;1;1;-
Três Rios - Paraíba do Sul/RJ;52 anos;1920;903;1017;744;340;404;429;210;219;1;1;-;745;352;393;1;-;1
Três Rios - Paraíba do Sul/RJ;53 anos;1699;820;879;702;333;369;353;167;186;1;-;1;642;319;323;1;1;-
Três Rios - Paraíba do Sul/RJ;54 anos;1740;785;955;699;298;401;353;176;177;1;1;-;686;310;376;1;-;1
Três Rios - Paraíba do Sul/RJ;55 a 59 anos;8818;4136;4682;3840;1809;2031;1757;811;946;9;7;2;3209;1508;1701;2;1;1
Três Rios - Paraíba do Sul/RJ;55 anos;1769;792;977;782;365;417;351;139;212;2;2;-;634;286;348;-;-;-
Três Rios - Paraíba do Sul/RJ;56 anos;1830;869;961;768;362;406;381;190;191;2;2;-;679;315;364;-;-;-
Três Rios - Paraíba do Sul/RJ;57 anos;1760;840;920;762;378;384;345;160;185;3;2;1;650;300;350;-;-;-
Três Rios - Paraíba do Sul/RJ;58 anos;1807;850;957;788;360;428;372;177;195;1;-;1;643;312;331;2;1;1
Três Rios - Paraíba do Sul/RJ;59 anos;1652;785;867;740;344;396;308;145;163;1;1;-;603;295;308;-;-;-
Três Rios - Paraíba do Sul/RJ;60 a 64 anos;8141;3740;4401;3611;1628;1983;1555;730;825;8;7;1;2962;1372;1590;4;2;2
Três Rios - Paraíba do Sul/RJ;60 anos;1863;849;1014;836;374;462;367;167;200;1;1;-;659;307;352;-;-;-
Três Rios - Paraíba do Sul/RJ;61 anos;1500;674;826;669;300;369;292;140;152;2;1;1;536;232;304;-;-;-
Três Rios - Paraíba do Sul/RJ;62 anos;1685;789;896;738;342;396;313;160;153;2;2;-;630;284;346;2;1;1
Três Rios - Paraíba do Sul/RJ;63 anos;1586;736;850;699;319;380;304;133;171;1;1;-;582;283;299;-;-;-
Três Rios - Paraíba do Sul/RJ;64 anos;1507;692;815;669;293;376;279;130;149;2;2;-;555;266;289;2;1;1
Três Rios - Paraíba do Sul/RJ;65 a 69 anos;6441;2887;3554;3033;1350;1683;1179;537;642;6;3;3;2223;997;1226;-;-;-
Três Rios - Paraíba do Sul/RJ;65 anos;1506;686;820;704;337;367;290;126;164;1;-;1;511;223;288;-;-;-
Três Rios - Paraíba do Sul/RJ;66 anos;1271;540;731;589;241;348;261;113;148;1;-;1;420;186;234;-;-;-
Três Rios - Paraíba do Sul/RJ;67 anos;1276;578;698;591;247;344;246;117;129;1;-;1;438;214;224;-;-;-
Três Rios - Paraíba do Sul/RJ;68 anos;1293;592;701;622;290;332;204;99;105;1;1;-;466;202;264;-;-;-
Três Rios - Paraíba do Sul/RJ;69 anos;1095;491;604;527;235;292;178;82;96;2;2;-;388;172;216;-;-;-
Três Rios - Paraíba do Sul/RJ;70 a 74 anos;4811;2124;2687;2339;1033;1306;865;368;497;5;4;1;1597;717;880;5;2;3
Três Rios - Paraíba do Sul/RJ;70 anos;1126;502;624;543;240;303;197;77;120;1;1;-;385;184;201;-;-;-
Três Rios - Paraíba do Sul/RJ;71 anos;980;433;547;483;223;260;162;69;93;2;2;-;330;138;192;3;1;2
Três Rios - Paraíba do Sul/RJ;72 anos;993;434;559;479;213;266;186;84;102;1;1;-;327;136;191;-;-;-
Três Rios - Paraíba do Sul/RJ;73 anos;880;396;484;441;195;246;162;72;90;-;-;-;276;129;147;1;-;1
Três Rios - Paraíba do Sul/RJ;74 anos;832;359;473;393;162;231;158;66;92;1;-;1;279;130;149;1;1;-
Três Rios - Paraíba do Sul/RJ;75 a 79 anos;3136;1275;1861;1600;635;965;552;231;321;2;-;2;980;408;572;2;1;1
Três Rios - Paraíba do Sul/RJ;75 anos;792;324;468;416;162;254;129;54;75;-;-;-;247;108;139;-;-;-
Três Rios - Paraíba do Sul/RJ;76 anos;709;288;421;334;125;209;142;61;81;-;-;-;233;102;131;-;-;-
Três Rios - Paraíba do Sul/RJ;77 anos;596;231;365;315;119;196;101;45;56;-;-;-;180;67;113;-;-;-
Três Rios - Paraíba do Sul/RJ;78 anos;539;234;305;276;125;151;91;41;50;-;-;-;172;68;104;-;-;-
Três Rios - Paraíba do Sul/RJ;79 anos;500;198;302;259;104;155;89;30;59;2;-;2;148;63;85;2;1;1
Três Rios - Paraíba do Sul/RJ;80 a 84 anos;2016;804;1212;1127;447;680;305;117;188;6;2;4;578;238;340;-;-;-
Três Rios - Paraíba do Sul/RJ;80 anos;500;205;295;273;109;164;73;26;47;3;1;2;151;69;82;-;-;-
Três Rios - Paraíba do Sul/RJ;81 anos;397;178;219;233;100;133;50;24;26;1;1;-;113;53;60;-;-;-
Três Rios - Paraíba do Sul/RJ;82 anos;412;168;244;217;91;126;68;24;44;-;-;-;127;53;74;-;-;-
Três Rios - Paraíba do Sul/RJ;83 anos;380;145;235;221;84;137;60;22;38;-;-;-;99;39;60;-;-;-
Três Rios - Paraíba do Sul/RJ;84 anos;327;108;219;183;63;120;54;21;33;2;-;2;88;24;64;-;-;-
Três Rios - Paraíba do Sul/RJ;85 a 89 anos;1064;346;718;595;191;404;158;51;107;3;1;2;308;103;205;-;-;-
Três Rios - Paraíba do Sul/RJ;85 anos;285;93;192;159;52;107;39;18;21;1;-;1;86;23;63;-;-;-
Três Rios - Paraíba do Sul/RJ;86 anos;261;91;170;132;43;89;40;14;26;1;-;1;88;34;54;-;-;-
Três Rios - Paraíba do Sul/RJ;87 anos;203;63;140;112;32;80;35;10;25;-;-;-;56;21;35;-;-;-
Três Rios - Paraíba do Sul/RJ;88 anos;178;49;129;104;28;76;29;7;22;-;-;-;45;14;31;-;-;-
Três Rios - Paraíba do Sul/RJ;89 anos;137;50;87;88;36;52;15;2;13;1;1;-;33;11;22;-;-;-
Três Rios - Paraíba do Sul/RJ;90 a 94 anos;520;174;346;305;94;211;82;32;50;1;1;-;131;46;85;1;1;-
Três Rios - Paraíba do Sul/RJ;90 anos;152;46;106;89;25;64;27;11;16;-;-;-;36;10;26;-;-;-
Três Rios - Paraíba do Sul/RJ;91 anos;112;44;68;71;26;45;16;7;9;-;-;-;25;11;14;-;-;-
Três Rios - Paraíba do Sul/RJ;92 anos;100;33;67;56;15;41;20;7;13;1;1;-;23;10;13;-;-;-
Três Rios - Paraíba do Sul/RJ;93 anos;92;29;63;51;15;36;11;4;7;-;-;-;30;10;20;-;-;-
Três Rios - Paraíba do Sul/RJ;94 anos;64;22;42;38;13;25;8;3;5;-;-;-;17;5;12;1;1;-
Três Rios - Paraíba do Sul/RJ;95 a 99 anos;124;32;92;74;18;56;23;6;17;-;-;-;27;8;19;-;-;-
Três Rios - Paraíba do Sul/RJ;95 anos;43;12;31;26;7;19;7;1;6;-;-;-;10;4;6;-;-;-
Três Rios - Paraíba do Sul/RJ;96 anos;26;6;20;17;4;13;3;-;3;-;-;-;6;2;4;-;-;-
Três Rios - Paraíba do Sul/RJ;97 anos;18;4;14;12;2;10;4;2;2;-;-;-;2;-;2;-;-;-
Três Rios - Paraíba do Sul/RJ;98 anos;19;5;14;6;3;3;5;-;5;-;-;-;8;2;6;-;-;-
Três Rios - Paraíba do Sul/RJ;99 anos;18;5;13;13;2;11;4;3;1;-;-;-;1;-;1;-;-;-
Três Rios - Paraíba do Sul/RJ;100 anos ou mais;21;2;19;14;2;12;5;-;5;-;-;-;2;-;2;-;-;-
Volta Redonda - Barra Mansa/RJ;Total;455755;215113;240642;215546;99571;115975;73727;35218;38509;689;310;379;165533;79897;85636;252;114;138
Volta Redonda - Barra Mansa/RJ;0 a 4 anos;23681;12064;11617;11814;6037;5777;2844;1469;1375;39;25;14;8981;4531;4450;3;2;1
Volta Redonda - Barra Mansa/RJ;Menos de 1 ano;4320;2143;2177;2217;1088;1129;476;230;246;10;9;1;1617;816;801;-;-;-
Volta Redonda - Barra Mansa/RJ;Menos de 1 mês;335;182;153;179;95;84;36;22;14;-;-;-;120;65;55;-;-;-
Volta Redonda - Barra Mansa/RJ;1 mês;326;167;159;167;83;84;33;15;18;6;6;-;120;63;57;-;-;-
Volta Redonda - Barra Mansa/RJ;2 meses;372;188;184;173;87;86;47;22;25;-;-;-;152;79;73;-;-;-
Volta Redonda - Barra Mansa/RJ;3 meses;381;179;202;209;96;113;37;22;15;1;-;1;134;61;73;-;-;-
Volta Redonda - Barra Mansa/RJ;4 meses;400;204;196;227;114;113;46;21;25;-;-;-;127;69;58;-;-;-
Volta Redonda - Barra Mansa/RJ;5 meses;307;155;152;155;83;72;41;22;19;-;-;-;111;50;61;-;-;-
Volta Redonda - Barra Mansa/RJ;6 meses;387;172;215;184;86;98;49;20;29;1;1;-;153;65;88;-;-;-
Volta Redonda - Barra Mansa/RJ;7 meses;372;170;202;177;89;88;51;18;33;-;-;-;144;63;81;-;-;-
Volta Redonda - Barra Mansa/RJ;8 meses;355;191;164;183;91;92;29;16;13;-;-;-;143;84;59;-;-;-
Volta Redonda - Barra Mansa/RJ;9 meses;393;199;194;199;98;101;43;22;21;1;1;-;150;78;72;-;-;-
Volta Redonda - Barra Mansa/RJ;10 meses;352;185;167;182;86;96;32;16;16;-;-;-;138;83;55;-;-;-
Volta Redonda - Barra Mansa/RJ;11 meses;340;151;189;182;80;102;32;14;18;1;1;-;125;56;69;-;-;-
Volta Redonda - Barra Mansa/RJ;1 ano;4368;2201;2167;2186;1087;1099;527;277;250;5;4;1;1649;833;816;1;-;1
Volta Redonda - Barra Mansa/RJ;2 anos;4793;2480;2313;2421;1261;1160;603;325;278;2;1;1;1766;892;874;1;1;-
Volta Redonda - Barra Mansa/RJ;3 anos;5087;2617;2470;2511;1325;1186;619;322;297;12;6;6;1945;964;981;-;-;-
Volta Redonda - Barra Mansa/RJ;4 anos;5113;2623;2490;2479;1276;1203;619;315;304;10;5;5;2004;1026;978;1;1;-
Volta Redonda - Barra Mansa/RJ;5 a 9 anos;27126;13751;13375;12487;6381;6106;3751;1893;1858;30;15;15;10849;5455;5394;9;7;2
Volta Redonda - Barra Mansa/RJ;5 anos;5045;2615;2430;2396;1246;1150;676;333;343;5;3;2;1967;1032;935;1;1;-
Volta Redonda - Barra Mansa/RJ;6 anos;5324;2670;2654;2406;1226;1180;787;420;367;6;3;3;2122;1020;1102;3;1;2
Volta Redonda - Barra Mansa/RJ;7 anos;5547;2769;2778;2534;1255;1279;771;379;392;4;2;2;2236;1131;1105;2;2;-
Volta Redonda - Barra Mansa/RJ;8 anos;5573;2852;2721;2586;1328;1258;717;370;347;5;3;2;2263;1149;1114;2;2;-
Volta Redonda - Barra Mansa/RJ;9 anos;5637;2845;2792;2565;1326;1239;800;391;409;10;4;6;2261;1123;1138;1;1;-
Volta Redonda - Barra Mansa/RJ;10 a 14 anos;26610;13624;12986;11956;6111;5845;3718;1913;1805;39;17;22;10890;5580;5310;7;3;4
Volta Redonda - Barra Mansa/RJ;10 anos;5458;2763;2695;2516;1280;1236;732;352;380;8;3;5;2200;1127;1073;2;1;1
Volta Redonda - Barra Mansa/RJ;11 anos;5322;2738;2584;2387;1229;1158;724;385;339;8;5;3;2201;1119;1082;2;-;2
Volta Redonda - Barra Mansa/RJ;12 anos;5406;2763;2643;2482;1270;1212;726;380;346;8;4;4;2190;1109;1081;-;-;-
Volta Redonda - Barra Mansa/RJ;13 anos;5379;2761;2618;2323;1176;1147;800;400;400;7;3;4;2248;1181;1067;1;1;-
Volta Redonda - Barra Mansa/RJ;14 anos;5045;2599;2446;2248;1156;1092;736;396;340;8;2;6;2051;1044;1007;2;1;1
Volta Redonda - Barra Mansa/RJ;15 a 19 anos;27771;14056;13715;12312;6124;6188;4547;2322;2225;43;13;30;10858;5591;5267;11;6;5
Volta Redonda - Barra Mansa/RJ;15 anos;5444;2733;2711;2416;1203;1213;836;401;435;10;5;5;2181;1123;1058;1;1;-
Volta Redonda - Barra Mansa/RJ;16 anos;5672;2933;2739;2576;1308;1268;942;490;452;8;2;6;2142;1131;1011;4;2;2
Volta Redonda - Barra Mansa/RJ;17 anos;5666;2875;2791;2439;1198;1241;951;501;450;6;-;6;2269;1175;1094;1;1;-
Volta Redonda - Barra Mansa/RJ;18 anos;5517;2790;2727;2484;1222;1262;911;463;448;9;3;6;2111;1101;1010;2;1;1
Volta Redonda - Barra Mansa/RJ;19 anos;5472;2725;2747;2397;1193;1204;907;467;440;10;3;7;2155;1061;1094;3;1;2
Volta Redonda - Barra Mansa/RJ;20 a 24 anos;31609;15771;15838;13977;6793;7184;5622;2878;2744;44;16;28;11952;6077;5875;14;7;7
Volta Redonda - Barra Mansa/RJ;20 anos;5742;2940;2802;2536;1245;1291;983;529;454;11;4;7;2208;1160;1048;4;2;2
Volta Redonda - Barra Mansa/RJ;21 anos;6008;2976;3032;2649;1260;1389;1072;531;541;3;-;3;2284;1185;1099;-;-;-
Volta Redonda - Barra Mansa/RJ;22 anos;6848;3380;3468;2992;1454;1538;1265;647;618;8;3;5;2580;1275;1305;3;1;2
Volta Redonda - Barra Mansa/RJ;23 anos;6450;3213;3237;2884;1402;1482;1110;597;513;11;4;7;2441;1208;1233;4;2;2
Volta Redonda - Barra Mansa/RJ;24 anos;6561;3262;3299;2916;1432;1484;1192;574;618;11;5;6;2439;1249;1190;3;2;1
Volta Redonda - Barra Mansa/RJ;25 a 29 anos;31822;15512;16310;14224;6916;7308;5591;2762;2829;40;16;24;11952;5812;6140;15;6;9
Volta Redonda - Barra Mansa/RJ;25 anos;6608;3160;3448;2900;1381;1519;1194;583;611;11;5;6;2501;1191;1310;2;-;2
Volta Redonda - Barra Mansa/RJ;26 anos;6557;3247;3310;2904;1443;1461;1131;553;578;8;4;4;2510;1245;1265;4;2;2
Volta Redonda - Barra Mansa/RJ;27 anos;6434;3186;3248;2939;1416;1523;1115;575;540;5;2;3;2371;1191;1180;4;2;2
Volta Redonda - Barra Mansa/RJ;28 anos;6323;3098;3225;2773;1354;1419;1098;550;548;7;1;6;2442;1192;1250;3;1;2
Volta Redonda - Barra Mansa/RJ;29 anos;5900;2821;3079;2708;1322;1386;1053;501;552;9;4;5;2128;993;1135;2;1;1
Volta Redonda - Barra Mansa/RJ;30 a 34 anos;31354;14978;16376;14152;6652;7500;5631;2765;2866;58;23;35;11501;5531;5970;11;7;4
Volta Redonda - Barra Mansa/RJ;30 anos;6304;3032;3272;2850;1344;1506;1158;581;577;10;4;6;2285;1103;1182;1;-;1
Volta Redonda - Barra Mansa/RJ;31 anos;5941;2746;3195;2754;1246;1508;1028;484;544;11;4;7;2143;1011;1132;4;1;3
Volta Redonda - Barra Mansa/RJ;32 anos;6333;3023;3310;2868;1375;1493;1096;541;555;15;4;11;2354;1103;1251;-;-;-
Volta Redonda - Barra Mansa/RJ;33 anos;6419;3097;3322;2837;1320;1517;1185;586;599;11;3;8;2383;1185;1198;3;3;-
Volta Redonda - Barra Mansa/RJ;34 anos;6357;3080;3277;2843;1367;1476;1164;573;591;11;8;3;2336;1129;1207;3;3;-
Volta Redonda - Barra Mansa/RJ;35 a 39 anos;33593;15831;17762;15115;6867;8248;6100;2935;3165;62;28;34;12296;5990;6306;17;9;8
Volta Redonda - Barra Mansa/RJ;35 anos;6768;3168;3600;3052;1390;1662;1183;547;636;16;6;10;2513;1224;1289;4;1;3
Volta Redonda - Barra Mansa/RJ;36 anos;6599;3088;3511;2885;1293;1592;1209;566;643;22;12;10;2479;1214;1265;3;2;1
Volta Redonda - Barra Mansa/RJ;37 anos;6444;3007;3437;2866;1317;1549;1200;556;644;10;4;6;2366;1129;1237;1;-;1
Volta Redonda - Barra Mansa/RJ;38 anos;6790;3258;3532;3077;1443;1634;1234;618;616;9;4;5;2465;1189;1276;5;4;1
Volta Redonda - Barra Mansa/RJ;39 anos;6992;3310;3682;3235;1424;1811;1274;648;626;5;2;3;2473;1234;1239;4;2;2
Volta Redonda - Barra Mansa/RJ;40 a 44 anos;35988;16914;19074;16449;7522;8927;6429;3066;3363;62;31;31;13029;6287;6742;19;8;11
Volta Redonda - Barra Mansa/RJ;40 anos;8368;3972;4396;4027;1878;2149;1444;683;761;19;11;8;2873;1397;1476;5;3;2
Volta Redonda - Barra Mansa/RJ;41 anos;6887;3177;3710;3074;1387;1687;1246;598;648;15;7;8;2548;1183;1365;4;2;2
Volta Redonda - Barra Mansa/RJ;42 anos;7685;3714;3971;3445;1608;1837;1384;686;698;9;1;8;2844;1419;1425;3;-;3
Volta Redonda - Barra Mansa/RJ;43 anos;6712;3080;3632;3066;1373;1693;1225;581;644;2;1;1;2416;1124;1292;3;1;2
Volta Redonda - Barra Mansa/RJ;44 anos;6336;2971;3365;2837;1276;1561;1130;518;612;17;11;6;2348;1164;1184;4;2;2
Volta Redonda - Barra Mansa/RJ;45 a 49 anos;30487;14158;16329;13902;6206;7696;5204;2485;2719;51;15;36;11314;5445;5869;16;7;9
Volta Redonda - Barra Mansa/RJ;45 anos;6848;3271;3577;3102;1444;1658;1166;564;602;8;4;4;2569;1259;1310;3;-;3
Volta Redonda - Barra Mansa/RJ;46 anos;6211;2920;3291;2835;1325;1510;1070;494;576;8;2;6;2295;1097;1198;3;2;1
Volta Redonda - Barra Mansa/RJ;47 anos;6053;2807;3246;2763;1235;1528;1025;485;540;13;4;9;2246;1081;1165;6;2;4
Volta Redonda - Barra Mansa/RJ;48 anos;5771;2558;3213;2658;1084;1574;980;472;508;12;1;11;2120;1000;1120;1;1;-
Volta Redonda - Barra Mansa/RJ;49 anos;5604;2602;3002;2544;1118;1426;963;470;493;10;4;6;2084;1008;1076;3;2;1
Volta Redonda - Barra Mansa/RJ;50 a 54 anos;30297;13924;16373;14622;6522;8100;5056;2366;2690;34;18;16;10564;5010;5554;20;8;12
Volta Redonda - Barra Mansa/RJ;50 anos;6627;3104;3523;3340;1580;1760;1067;497;570;8;5;3;2204;1020;1184;7;2;5
Volta Redonda - Barra Mansa/RJ;51 anos;5787;2671;3116;2794;1260;1534;934;434;500;4;2;2;2052;973;1079;3;2;1
Volta Redonda - Barra Mansa/RJ;52 anos;6107;2815;3292;2886;1255;1631;1046;501;545;5;3;2;2168;1055;1113;2;1;1
Volta Redonda - Barra Mansa/RJ;53 anos;5841;2647;3194;2745;1171;1574;1012;473;539;11;6;5;2068;996;1072;5;1;4
Volta Redonda - Barra Mansa/RJ;54 anos;5935;2687;3248;2857;1256;1601;997;461;536;6;2;4;2072;966;1106;3;2;1
Volta Redonda - Barra Mansa/RJ;55 a 59 anos;31628;14274;17354;15732;6971;8761;5079;2245;2834;40;19;21;10750;5029;5721;26;10;16
Volta Redonda - Barra Mansa/RJ;55 anos;5975;2692;3283;2893;1284;1609;970;435;535;12;5;7;2096;965;1131;4;3;1
Volta Redonda - Barra Mansa/RJ;56 anos;6251;2778;3473;3075;1330;1745;1040;426;614;8;2;6;2121;1018;1103;7;2;5
Volta Redonda - Barra Mansa/RJ;57 anos;6543;2965;3578;3292;1453;1839;1005;452;553;11;6;5;2230;1053;1177;5;1;4
Volta Redonda - Barra Mansa/RJ;58 anos;6631;3012;3619;3360;1506;1854;1062;477;585;3;2;1;2202;1026;1176;4;1;3
Volta Redonda - Barra Mansa/RJ;59 anos;6228;2827;3401;3112;1398;1714;1002;455;547;6;4;2;2101;967;1134;6;3;3
Volta Redonda - Barra Mansa/RJ;60 a 64 anos;29833;13422;16411;14760;6616;8144;4811;2151;2660;38;22;16;10198;4622;5576;26;11;15
Volta Redonda - Barra Mansa/RJ;60 anos;6575;2934;3641;3243;1462;1781;1082;479;603;11;7;4;2236;984;1252;3;2;1
Volta Redonda - Barra Mansa/RJ;61 anos;5848;2623;3225;2934;1285;1649;898;412;486;7;2;5;2003;921;1082;6;3;3
Volta Redonda - Barra Mansa/RJ;62 anos;6107;2775;3332;2962;1326;1636;1027;467;560;9;5;4;2100;974;1126;9;3;6
Volta Redonda - Barra Mansa/RJ;63 anos;5810;2644;3166;2876;1319;1557;915;403;512;5;4;1;2011;916;1095;3;2;1
Volta Redonda - Barra Mansa/RJ;64 anos;5493;2446;3047;2745;1224;1521;889;390;499;6;4;2;1848;827;1021;5;1;4
Volta Redonda - Barra Mansa/RJ;65 a 69 anos;24450;10888;13562;12197;5306;6891;3880;1761;2119;28;12;16;8317;3797;4520;28;12;16
Volta Redonda - Barra Mansa/RJ;65 anos;5779;2557;3222;2860;1248;1612;939;406;533;7;2;5;1970;899;1071;3;2;1
Volta Redonda - Barra Mansa/RJ;66 anos;4963;2202;2761;2522;1106;1416;774;328;446;5;2;3;1656;763;893;6;3;3
Volta Redonda - Barra Mansa/RJ;67 anos;4895;2198;2697;2410;1061;1349;841;395;446;6;2;4;1632;739;893;6;1;5
Volta Redonda - Barra Mansa/RJ;68 anos;4676;2099;2577;2330;1003;1327;702;337;365;5;1;4;1632;755;877;7;3;4
Volta Redonda - Barra Mansa/RJ;69 anos;4137;1832;2305;2075;888;1187;624;295;329;5;5;-;1427;641;786;6;3;3
Volta Redonda - Barra Mansa/RJ;70 a 74 anos;17144;7336;9808;9040;3783;5257;2530;1087;1443;31;15;16;5534;2447;3087;8;4;4
Volta Redonda - Barra Mansa/RJ;70 anos;4289;1827;2462;2181;943;1238;685;280;405;4;2;2;1417;601;816;2;1;1
Volta Redonda - Barra Mansa/RJ;71 anos;3521;1530;1991;1842;769;1073;518;239;279;4;1;3;1156;521;635;1;-;1
Volta Redonda - Barra Mansa/RJ;72 anos;3393;1491;1902;1849;784;1065;466;205;261;10;5;5;1066;496;570;1;1;-
Volta Redonda - Barra Mansa/RJ;73 anos;3118;1287;1831;1647;660;987;460;199;261;6;3;3;1002;423;579;3;2;1
Volta Redonda - Barra Mansa/RJ;74 anos;2823;1201;1622;1521;627;894;401;164;237;7;4;3;893;406;487;1;-;1
Volta Redonda - Barra Mansa/RJ;75 a 79 anos;10348;4306;6042;5646;2277;3369;1376;578;798;22;12;10;3294;1433;1861;9;5;4
Volta Redonda - Barra Mansa/RJ;75 anos;2651;1125;1526;1428;588;840;357;161;196;5;1;4;855;370;485;5;4;1
Volta Redonda - Barra Mansa/RJ;76 anos;2304;994;1310;1255;530;725;313;140;173;7;3;4;726;320;406;3;1;2
Volta Redonda - Barra Mansa/RJ;77 anos;1959;838;1121;1074;455;619;254;104;150;6;5;1;624;274;350;1;-;1
Volta Redonda - Barra Mansa/RJ;78 anos;1766;695;1071;985;379;606;256;94;162;3;2;1;522;220;302;-;-;-
Volta Redonda - Barra Mansa/RJ;79 anos;1668;654;1014;904;325;579;196;79;117;1;1;-;567;249;318;-;-;-
Volta Redonda - Barra Mansa/RJ;80 a 84 anos;6367;2422;3945;3719;1355;2364;828;295;533;17;8;9;1798;763;1035;5;1;4
Volta Redonda - Barra Mansa/RJ;80 anos;1611;627;984;924;345;579;214;78;136;4;2;2;467;201;266;2;1;1
Volta Redonda - Barra Mansa/RJ;81 anos;1244;488;756;723;261;462;160;59;101;2;1;1;357;167;190;2;-;2
Volta Redonda - Barra Mansa/RJ;82 anos;1319;498;821;769;283;486;169;64;105;3;1;2;378;150;228;-;-;-
Volta Redonda - Barra Mansa/RJ;83 anos;1100;437;663;655;251;404;143;53;90;5;3;2;296;130;166;1;-;1
Volta Redonda - Barra Mansa/RJ;84 anos;1093;372;721;648;215;433;142;41;101;3;1;2;300;115;185;-;-;-
Volta Redonda - Barra Mansa/RJ;85 a 89 anos;3623;1254;2369;2187;741;1446;469;170;299;8;4;4;953;338;615;6;1;5
Volta Redonda - Barra Mansa/RJ;85 anos;918;359;559;549;206;343;114;48;66;5;3;2;249;101;148;1;1;-
Volta Redonda - Barra Mansa/RJ;86 anos;857;276;581;514;163;351;126;38;88;1;-;1;213;75;138;3;-;3
Volta Redonda - Barra Mansa/RJ;87 anos;694;225;469;428;128;300;80;33;47;1;-;1;185;64;121;-;-;-
Volta Redonda - Barra Mansa/RJ;88 anos;636;218;418;380;132;248;89;33;56;1;1;-;165;52;113;1;-;1
Volta Redonda - Barra Mansa/RJ;89 anos;518;176;342;316;112;204;60;18;42;-;-;-;141;46;95;1;-;1
Volta Redonda - Barra Mansa/RJ;90 a 94 anos;1565;500;1065;984;308;676;188;57;131;3;1;2;388;134;254;2;-;2
Volta Redonda - Barra Mansa/RJ;90 anos;466;160;306;287;94;193;55;16;39;2;1;1;122;49;73;-;-;-
Volta Redonda - Barra Mansa/RJ;91 anos;335;106;229;210;68;142;46;16;30;1;-;1;78;22;56;-;-;-
Volta Redonda - Barra Mansa/RJ;92 anos;315;91;224;199;54;145;39;10;29;-;-;-;75;27;48;2;-;2
Volta Redonda - Barra Mansa/RJ;93 anos;247;78;169;165;51;114;29;10;19;-;-;-;53;17;36;-;-;-
Volta Redonda - Barra Mansa/RJ;94 anos;202;65;137;123;41;82;19;5;14;-;-;-;60;19;41;-;-;-
Volta Redonda - Barra Mansa/RJ;95 a 99 anos;395;113;282;235;74;161;63;17;46;-;-;-;97;22;75;-;-;-
Volta Redonda - Barra Mansa/RJ;95 anos;124;31;93;75;20;55;21;4;17;-;-;-;28;7;21;-;-;-
Volta Redonda - Barra Mansa/RJ;96 anos;104;33;71;69;21;48;14;5;9;-;-;-;21;7;14;-;-;-
Volta Redonda - Barra Mansa/RJ;97 anos;71;25;46;38;18;20;15;5;10;-;-;-;18;2;16;-;-;-
Volta Redonda - Barra Mansa/RJ;98 anos;48;11;37;27;7;20;5;1;4;-;-;-;16;3;13;-;-;-
Volta Redonda - Barra Mansa/RJ;99 anos;48;13;35;26;8;18;8;2;6;-;-;-;14;3;11;-;-;-
Volta Redonda - Barra Mansa/RJ;100 anos ou mais;64;15;49;36;9;27;10;3;7;-;-;-;18;3;15;-;-;-
Fonte: IBGE - Censo Demográfico;;;;;;;;;;;;;;;;;;;
;;;;;;;;;;;;;;;;;;;
Notas;;;;;;;;;;;;;;;;;;;
1 - Dados do Universo.;;;;;;;;;;;;;;;;;;;
"2 - No Censo Demográfico 2010, definiu-se como indígena a pessoa residente em terras indígenas que se declarou indígena pelo quesito de cor ou raça ou pelo quesito se considera indígena; ou a pessoa residente fora das terras indígenas que se declarou indígena no quesito de cor ou raça. Por essa razão, o total de pessoas indígenas é superior ou igual ao total de pessoas de cor ou raça declarada indígena, nos diferentes recortes.";;;;;;;;;;;;;;;;;;;
"3 - No Censo Demográfico 2022, definiu-se como indígena a pessoa residente em localidades indígenas que se declarou indígena pelo quesito de cor ou raça ou pelo quesito se considera indígena; ou a pessoa residente fora das localidades indígenas que se declarou indígena no quesito de cor ou raça. Por essa razão, o total de pessoas indígenas é superior ou igual ao total de pessoas de cor ou raça declarada indígena, nos diferentes recortes.";;;;;;;;;;;;;;;;;;;
4 - No Censo Demográfico 2022, foram consideradas localidades indígenas aquelas que compõem o conjunto das Terras Indígenas, dos agrupamentos indígenas e das demais áreas de conhecida ou potencial ocupação indígena. Para mais detalhes, consultar a documentação metodológica.;;;;;;;;;;;;;;;;;;;
5 - No Censo Demográfico 2010, o conjunto das Terras Indígenas foi formado por aquelas que estavam na situação fundiária de declarada, homologada, regularizada e em processo de aquisição como reserva indígena até a data de 31 de dezembro de 2010. ;;;;;;;;;;;;;;;;;;;
6 - No Censo Demográfico 2022, foram consideradas as Terras Indígenas declaradas, homologadas, regularizadas ou encaminhadas como Reservas Indígenas até 31 de julho de 2022, data de referência da pesquisa, conforme os dados da Fundação Nacional dos Povos Indígenas – FUNAI. Para mais informações, consultar a documentação metodológica.;;;;;;;;;;;;;;;;;;;
7 - A utilização da Divisão Regional do Brasil em Regiões Geográficas Imediatas e Regiões Geográficas Intermediárias (2017) para tabulação dos resultados do Censo 2010 tem fins ilustrativos de comparabilidade das operações censitárias, devendo-se atentar para as transformações territoriais ocorridas no período intercensitário.;;;;;;;;;;;;;;;;;;;
8 - Para tabulação dos resultados do Censo 2010, utilizou-se o recorte da Amazônia Legal divulgado pelo IBGE em 2022, considerando-se que não houve alteração na composição municipal do recorte entre os Censos. Deve-se considerar, entretanto, as transformações territoriais ocorridas no período.;;;;;;;;;;;;;;;;;;;
9 - A categoria Total de cor ou raça inclui os ignorados omitidos na tabela.;;;;;;;;;;;;;;;;;;;
;;;;;;;;;;;;;;;;;;;
Legenda;;;;;;;;;;;;;;;;;;;
Símbolo;Significado;;;;;;;;;;;;;;;;;;
-;"Zero absoluto, não resultante de um cálculo ou arredondamento.
Ex: Em determinado município não existem pessoas de 14 anos de idade sem instrução.";;;;;;;;;;;;;;;;;;
0;"Zero resultante de um cálculo ou arredondamento.
Ex: A inflação do feijão em determinada Região Metropolitana foi 0.
Determinado município produziu 400 kg de sementes de girassol e os dados da tabela são expressos em toneladas.";;;;;;;;;;;;;;;;;;
X;"Valor inibido para não identificar o informante.
Ex: Determinado município só possui uma empresa produtora de cimento, logo o valor de sua produção deve ser inibido.";;;;;;;;;;;;;;;;;;
..;"Valor não se aplica.
Ex: Não se pode obter o total da produção agrícola em determinado município quando os produtos agrícolas são contabilizados com unidades de medida distintas.";;;;;;;;;;;;;;;;;;
...;"Valor não disponível.
Ex: A produção de feijão em determinado município não foi pesquisada ou determinado município não existia no ano da pesquisa.";;;;;;;;;;;;;;;;;;
"A a Z
(exceto X)";"Significa uma faixa de valores. Varia em função da tabela (se for o caso).
Ex: O nível de precisão da produção estimada de combustíveis está na faixa A (95 a 100%)";;;;;;;;;;;;;;;;;;
